id,saleprice
2658,139326.68506108047
2718,147904.36923649613
2414,213921.4861619369
1989,107817.97647835952
625,175151.04621938485
333,86647.44463381192
1327,107072.58811699363
858,142774.5110908825
95,182200.9749475602
1568,169631.71093081398
2482,145201.08513912786
1364,130176.2286511676
2584,153158.64790977628
818,270946.0780536502
2673,159817.3787828516
2089,118978.21596637584
1297,139967.21958328865
790,118983.56196315834
2616,183858.22465863873
720,165920.97630830566
222,154753.90548218376
557,122061.19865649054
1148,181707.91168370208
2766,182995.60706257029
534,169716.5249038912
1452,117356.99939312095
630,124654.40935461005
2648,124564.47075410705
125,155540.35235926454
1904,69533.83125571214
1670,107087.09960223713
756,106177.00571304327
717,221721.16481125358
1032,163308.27258917017
852,204023.1045142189
1731,173911.37547722232
2639,95840.2461086125
2071,77688.14535064754
1267,132510.39321904397
1851,184435.66480986055
567,166277.09842755715
2439,202971.8802707346
1898,155844.47164803738
647,161303.03209757598
2256,208209.33320202836
979,99364.70745370939
1444,209136.4533033545
2485,134968.9560809502
157,137251.25383015527
88,123077.83180488838
2003,109906.0981369039
186,193356.4468384242
1425,231094.17522953733
2695,142290.02892084944
738,111914.0981295029
395,154606.7720670878
1353,167882.54881119952
1878,138911.10409516643
390,169191.43555776292
1456,224689.34013805434
1103,323412.7610021147
1387,117310.3427469173
2070,151273.8166669091
1199,165812.27253827584
2479,175512.86007510996
501,318937.4805940167
2362,104503.41671514901
1718,205581.19383260433
2188,106925.14245907625
1483,151802.4832446076
2557,105155.39286317128
437,356767.51723255124
2224,207902.1403427231
1628,164643.51794114153
397,127374.4111819049
587,192109.69726640466
2182,658905.0924757035
971,146462.24773398216
2611,144788.55749208518
1887,93812.99863907567
2399,387977.7644006277
2148,190707.69512569503
304,128657.4703348448
1997,116638.74004536762
2817,112497.10616107078
1431,209343.75606248935
427,361336.3057617636
263,126571.1802239879
598,169472.08318630798
2895,228919.30051758408
687,123256.12508324679
1822,135038.3470273369
2191,104106.61056864698
179,105960.94284665998
1009,215916.7570635685
2010,137886.18110939546
1991,127101.90029148896
1411,197197.43492791208
1721,225739.65358212404
1144,189001.304869073
593,205943.9752600132
575,316491.54780527356
1249,175951.40735117637
1604,135292.27215350408
1064,525252.5069544356
1923,156093.8787825707
1988,109442.20503866787
2325,167619.80209856207
114,190065.89094450208
2700,161358.72928530732
217,129766.13020334204
343,179396.81970855416
386,222327.94058782753
2005,121294.9778978331
2908,144384.32519345864
1814,232180.84786132257
2446,518648.9282349569
208,115327.66840793901
1679,107278.07455441929
822,345709.1808388559
6,195558.15816764068
1781,417148.56218214135
2397,297107.82927705103
2340,322389.3904817909
1618,169583.7210929725
2843,130816.50679082744
1061,360807.4534094718
2786,123291.5365682262
1935,142592.7014382481
1341,108311.91588064826
521,255600.66526731726
2136,136308.93776056895
996,212706.1272354224
227,162903.8319017513
135,185262.29249272484
1167,171353.8898147492
294,226136.15367766187
1776,199922.3031691728
540,163829.45974319827
1717,215774.5700908382
2303,123892.20778041871
116,186887.30651882017
127,156702.26834355184
1371,145087.80669846328
1014,156569.01920851847
1507,98306.9292001886
702,107284.91509084935
750,142466.79706080022
261,139331.01986417253
1559,50188.446853144385
577,208893.0574329517
2812,192059.42411511755
2080,165329.82325246336
1368,104024.0146985066
2376,123200.99811875704
659,106575.33086571228
1235,127434.29968802609
332,85124.17443283973
1917,139611.4828248697
2094,247066.25555795722
1460,252650.97929524374
1471,220824.73584527517
1509,129987.51781323795
1922,140193.51814984137
433,527967.2704473159
460,280841.53130223363
1116,234896.3159196247
1137,167507.12324336867
53,149548.66007543413
2354,267438.0557987851
1475,189529.38437124054
1761,579715.1345127164
842,150465.80636682382
2739,189105.36888967996
2509,146825.65756195964
1007,199882.25967597327
2610,183137.95774433445
1952,101562.62567315495
2719,152912.84690982522
2921,80304.922570641
1966,143698.3222577994
292,122775.3955656767
1204,189099.84569399082
1829,257640.74425692335
2419,191745.4148046438
391,144765.90108340338
798,108490.79912509219
481,191061.097049017
193,199529.36322408423
555,132229.85595325328
899,64901.28853496662
2357,182087.9183588096
328,128177.08003453736
1356,117715.21916134447
1154,89976.12554236517
1730,181542.3109079564
2249,164071.62956241413
1119,275542.0636545768
2856,143318.6583586174
1394,127459.90852022925
2587,105722.04145511142
61,333549.6228936205
2661,181540.62361411608
2711,128804.2676650437
1147,173576.48918515712
757,127132.90900793491
2623,113967.11313322592
2378,133067.8940184943
1413,132187.56587850992
1722,206832.14422744885
1112,212906.92801763484
1623,198116.67860071606
1201,196385.46267064937
1513,116774.71886905104
957,385704.9032457232
1171,264584.326130651
1145,191889.98695077735
2726,233446.0343084552
703,140631.9207158439
760,77773.49132363498
1964,141137.02458416566
2512,178744.738822977
159,146521.77226540662
1281,169272.01340112285
468,187200.6392565979
290,123086.22193441239
665,89402.23489135319
1463,242471.28587451568
1792,224557.07181245176
923,175846.35581724177
500,274565.3386417704
1408,186703.4528384103
331,81241.2901787769
170,102075.80146323767
2192,103430.67709122023
2571,317058.23772000865
2314,179956.2813969956
2647,66574.24069200753
422,451140.5635881827
2457,373532.19180416735
1838,209715.3835096217
2805,254521.36498990495
1645,144023.35131458438
1711,300929.6890500971
2825,243551.54703302265
322,353204.769544002
2103,250991.6700038725
342,111341.0003542224
600,128772.8923643123
488,176158.37595133422
1725,333841.91185364476
2246,284531.70320934104
2847,171756.40630259042
806,235579.5452099702
530,232431.02389785842
963,190101.20382701207
2678,111202.42513869985
171,68407.21000580705
2401,454544.05392692925
805,228788.47752135337
2259,239249.78755037952
1748,180542.48582063685
1361,127241.87344746
1677,109130.29294500663
1406,159398.04869740797
2322,257526.4946679278
688,157574.59667404092
143,142686.9041677446
804,206855.37365705665
1214,177605.9998030234
2828,145426.84236842222
1999,179211.75220444603
2467,209896.1352482921
2665,159651.25666161798
1538,339887.7278485701
398,127427.57649456925
2822,150904.39308235364
2157,138689.54068022245
1856,191179.61406903615
1269,96942.28544983493
2570,113269.09481563493
2320,232685.69231072298
1517,118204.36456841676
2304,119312.7967005079
1312,100963.37086991385
2012,139542.01846201677
506,240102.54825037328
2865,195509.38663783518
2367,84565.97339528785
554,78979.00531789631
238,132534.14123928844
1954,95727.40131619797
2488,124606.40962712513
2291,80671.91660251927
1969,108780.75381869925
2725,179914.4538995469
1482,140524.94788962294
2763,191452.14975664244
503,262111.61199155007
1584,245819.73689757165
1531,147184.79806549038
2210,155700.7086849129
459,353658.42906760285
556,131623.13616619696
1347,121503.02557759812
1290,79356.26684449166
1388,101142.70266474676
1571,318199.01862387336
2754,202766.03570633446
765,130847.84244494396
2494,127872.12200462374
2870,217732.16057936597
7,217352.3616808428
1114,246440.84350613714
2418,270944.779723902
291,123945.11593842693
18,383787.1480607402
39,404956.3851370759
1001,264731.09072665276
2442,228164.987240735
616,122611.60168014956
2680,85626.84551430884
1414,125044.50193673928
289,157642.4209249885
40,253953.84649444153
860,135821.2999120933
409,117692.76730749254
673,155830.1610554264
2427,174520.90057148662
2036,224417.04775300008
2564,139572.02226493048
642,151536.9791375387
1008,177658.34548210257
1908,134764.55553838972
2519,201901.08584455057
1369,98969.78149311001
2855,170315.91947036062
712,89300.04831676753
1943,122038.79150517023
1958,106297.45864066159
107,146508.57687594453
2295,190924.74914278614
704,113860.90884805315
676,128668.07082798528
259,179767.9672386009
93,285173.9596441674
106,242199.01322789257
2315,178434.525823218
1050,97323.27282215607
1095,197750.54501037707
2709,150426.93604985514
758,111149.63882179394
1496,156461.32718171098
2370,111080.24960229913
2458,292245.1361727597
2733,141509.44258260154
161,268957.8543354116
726,151743.91165189244
845,202244.31999111854
947,240976.146169043
2232,112415.43574124255
2563,142727.89044910044
2299,135549.65297809898
211,67032.30842459967
605,135367.8131744935
1478,195347.32349857048
2247,274923.08911904495
2274,231934.17734234149
2869,199256.06080306703
967,212378.44360784296
2656,118410.08533197934
667,188027.0429622873
1042,110594.466185607
2023,155825.08095934498
2447,396975.80904833984
2055,147340.75998473875
2275,297781.84312438895
2204,160604.2304389642
1563,275951.8521964708
483,214169.4654988811
796,111695.12272222409
1526,144461.37147512607
2042,133104.14853767486
442,368532.53504285077
1693,336688.2226463478
1468,222573.5336347178
1430,203452.54390090075
2605,129388.84017399923
1529,177447.4349091435
335,136485.28271247965
1287,122957.91708055243
31,95302.83232256903
1785,341347.65139024856
82,161713.3601581597
2620,139927.40148106642
252,175471.05242654984
721,65543.77342236027
2165,187430.74711828842
2316,199191.22280151423
775,137578.3318109571
1558,107323.08179631135
17,205037.3545504178
1022,221485.34566499921
925,129479.31011856234
438,276221.1475132035
1270,130173.79000580675
1272,128762.3627800995
215,114225.47256331734
266,219777.622933518
2402,278774.63473124505
1250,116109.85921370416
1984,121279.243452645
1279,152439.38960023187
377,243828.42450526802
1252,131503.64705748926
2156,257714.41293357284
499,328008.9108869849
1374,130570.62917780472
2898,260212.81704987594
401,127261.79109819136
2721,162687.61261307748
2078,216026.37978669867
2589,131393.85032725
1946,223712.35140135823
1334,114861.57403582965
2781,216200.5913457951
431,419344.6501537531
576,188258.73345183398
1474,202281.7058930769
2254,139983.85506893197
2155,277770.50017570704
885,108199.62390741956
643,136026.37112990982
1944,126045.11204921787
480,191285.11104679297
2845,86214.39305356532
2387,313846.4480602286
2407,206888.55439540648
2527,170015.56941168563
2514,141737.06365711393
629,150599.71596252124
80,192385.5792558027
1876,129943.52501550669
1546,126209.8446035647
2518,163646.40562481328
2347,153439.32632729306
783,236814.11217546056
1322,54575.72614242027
194,74691.5953797714
1770,295810.57882005203
2143,174245.84590906915
1229,230555.91730265672
511,273116.6705437023
46,223531.64470999135
1348,139200.44215128265
2465,206176.87382620724
387,230156.7381536177
873,222926.16952595906
1918,125551.5507209169
2764,230233.06231087656
2184,134092.06497412318
934,132291.00011912396
1920,131452.79577217367
2631,152857.02058732838
1768,609624.156507104
2040,128542.64890236632
1749,209634.61873999817
834,241285.37315328978
1457,223580.7623901046
79,114369.35272477158
2302,136550.8569556189
1817,143908.3867011949
2755,228742.1128694546
359,173781.50105998956
2059,101416.77628139913
2092,233562.88961923314
2516,223352.4204784367
150,112890.51173839466
1656,137745.19767407177
83,93601.48781001553
2411,183399.03202156906
795,96617.56646154376
2312,213802.43359213084
2917,105505.19014487554
1624,172197.0971191217
2215,308621.0592669976
1211,148184.0513977324
1485,157451.53623615683
1024,166298.8241907089
570,194229.77481290937
2874,140620.47650968097
700,126324.91094410696
2756,212719.66671443463
2022,179005.41411529903
583,232346.43927861442
2392,387097.4526132137
2424,169662.26730606737
212,116195.13144987157
736,129526.89055921359
1610,162417.829160297
890,97789.49060120617
467,185350.36145856223
578,239260.08263315726
1747,204377.92211147194
1149,146881.36713672976
2758,255148.10981995816
857,141810.02800069272
2219,254658.2826032711
733,94820.45964590451
2909,91776.60203306374
1798,253954.19247077723
235,136067.91480062497
2366,111612.34107267603
1027,132384.51649998446
1195,145234.67853850144
1303,78115.35253997773
148,197574.68119842565
608,158554.19741170396
2515,205584.82074634882
821,278509.78077812074
2500,278295.5001332148
745,117980.78221322244
741,127732.58213566736
1611,141812.3152083757
2532,136022.88925922813
1081,225841.03233938606
1692,454955.91831411945
2520,172674.00823926914
276,105546.67341667338
1992,112063.84568365812
663,71013.87555086886
418,110132.34027571251
1733,204727.0455064652
2359,151062.37525444463
253,173307.17662526874
1518,186687.3515361339
2035,134616.27601412547
2919,79458.07753494466
1540,239454.4827469277
2120,156906.47751804415
1674,153376.68461729374
256,145205.62564861946
2361,113186.90555867506
978,79626.396042779
2280,149601.64956203906
2095,219695.03849213134
1709,325886.0089517418
2801,245056.81068484506
1246,114759.38479310053
2373,90119.56249414814
1055,299777.19269538036
2017,134354.8944603463
1099,277972.4911074943
1344,82596.53907522735
835,219301.02277097222
1117,230659.4847275923
2043,89214.5961080633
2085,115360.72996435183
410,137125.29539402458
2650,107630.518259036
2867,166893.6055449874
1668,120561.50018776713
1161,156717.854650588
2122,181774.07175152248
2539,146930.37492978762
1047,119472.88060472345
1445,133157.37057879448
541,134560.25914777
569,216677.56399135766
1276,116859.50186197828
918,121471.9155239451
326,166153.60593847217
1936,132141.85253453194
895,105207.37475929184
257,157723.44805392675
1241,182792.12100376427
1545,113212.67270526072
1189,163634.06506051327
270,134282.76106591726
2066,174536.74100097816
693,117058.79621544918
1259,140389.376497036
2916,152896.8465351309
2321,294105.69688626647
1977,73417.37370321488
1895,135720.04838119808
1240,178234.12153328437
85,144025.9779710644
1823,125935.81951872217
825,293231.7309888748
110,230516.0377884935
697,116789.70709707361
2297,109788.96755052595
1231,139488.98797956214
1355,139258.89270183732
968,359246.00103931664
584,230645.21748946118
1315,130537.62228992658
1606,147954.9138419232
206,113913.32902719155
1685,395139.16781317187
2016,139692.72459365666
869,199947.86024596548
2135,127088.80850594191
2346,175213.3392582835
2430,225528.80129379482
2198,108612.66661272946
2652,112994.5577062366
27,130162.96388117204
241,155064.66640692286
906,117304.96704986296
1506,131309.2990116991
2098,365852.60880702233
1435,222708.12058030855
2213,147039.95837442973
1274,131746.72911110544
743,39246.441960150114
1737,198969.9610980785
2797,272514.19675624045
2185,67629.89638461979
58,170246.7886550787
830,193709.67560265303
808,113890.22305448404
680,155444.450218497
1153,99424.0323839341
1291,129681.49699759799
1818,144334.20863159152
2161,186472.02759339614
1883,111956.31871363538
350,371151.71545292967
2473,156629.77018865175
295,178941.52153575144
293,182652.9786296205
859,134403.24842151377
288,65377.36545678119
1578,153207.75542291175
102,188284.47878752853
2831,137574.7303445118
1030,161295.79869882393
2551,144171.76579153305
1286,143609.53149571706
958,323739.03145058523
776,135286.15553968833
72,255379.374240059
2263,259348.34412372095
1866,160404.3967109585
2876,84313.39949464251
2146,238209.29398376905
103,175653.52458442503
1500,128689.49438058087
492,173453.608546013
167,148209.26072207175
2597,119476.5903309261
2685,100388.17427161972
1035,151181.1970452467
1220,72937.10964756468
2602,150739.36608047795
2159,202550.05446079673
695,140815.84772351745
1109,268640.5602157153
640,193082.79495484562
1652,142749.9435379026
2090,180651.90730299885
1188,190537.72367697943
2345,228586.98995269593
1059,418000.1252951863
2751,233809.8298111646
128,197015.8583615268
1523,189338.80911407009
2925,193391.0688553461
2145,288913.9899339386
1121,223566.03828686188
566,262686.88964448165
565,237381.91303796828
1331,132127.03927167074
2928,123705.37905367896
156,142128.5133397949
797,152713.51332625328
327,85882.94569104162
2859,115485.37464076525
1453,126509.23283200248
1762,342056.57044849
1868,211755.2053984728
1760,183052.91325088628
1113,224046.95413653797
1812,197709.15970391978
117,155650.44096044166
1142,204513.85945623807
2342,442125.54619725305
927,136465.77742535772
2478,184287.96523574943
655,89594.50748837402
2064,121114.80965398511
369,280502.66917050956
2239,118130.12540399199
2732,223311.06471138273
1653,158543.2113249255
959,229141.85800613946
2395,351749.56587247003
1412,105469.22430122111
271,251838.13968531816
1484,139732.35257051833
1497,161212.35511149355
552,151530.8129821387
2,119783.37924930878
1855,301029.5046544027
4,280357.7275145882
2292,147067.6923119469
134,138011.65955765062
646,109529.75282147084
42,318511.0953056469
532,221568.00466927592
713,105171.05569721847
2561,140143.7001112623
2360,132869.388904281
1333,122230.04885287424
1407,237753.50160559235
2892,294811.0767630339
574,212786.76213956997
1227,193994.36030876328
2591,204954.23200209058
1476,210534.10927658028
1125,265186.65958111885
1446,133221.40937192654
408,108314.5593844844
1101,286830.20545392367
2251,188070.38935951816
373,194108.57094300646
2554,126647.66764242586
2382,257666.7082434171
1985,94749.61221935991
519,232793.4742727176
1093,191123.08166118863
864,233804.14043597772
2889,151608.4151244685
2308,191216.76010153882
986,179190.26033404257
1302,145279.49225027804
585,166042.56642779024
2708,141831.6973617832
147,133404.62468743944
1441,216475.99984026462
383,200278.9635576531
285,137256.94693837702
181,97818.72412736449
358,195646.1332786296
780,170124.3293356221
258,187170.82016467978
1865,211592.34087719294
692,102394.42473405073
2902,342232.115152268
508,250559.05364081424
2638,143669.86471434968
36,137137.73732935265
611,166332.740297661
2281,169186.9454972381
1678,125646.53453096829
1696,486057.7152419274
1557,83817.94543729696
2180,157506.5322494044
1726,212835.7564497406
951,159145.95653333276
267,224011.85985586408
2706,138863.80215046104
2221,240854.7894279286
1357,168047.84240495582
2901,322602.7259171102
347,173132.0836453868
2164,189117.9331531346
1586,304507.5683551836
360,150528.1381587799
1769,260287.15519684198
2617,176058.7281258006
1879,125465.95834992656
991,213349.0069119237
1535,125476.78023203975
1191,138358.66481067336
1579,217961.51850027023
1882,134717.35962830242
1510,135402.8003431402
2196,147800.19294513194
1845,179978.64414059767
2336,407605.0409416044
942,79907.26074722185
861,132790.8263224005
2555,113506.53113153973
1392,156690.3091138209
2099,253135.50825684523
1543,116653.07835502036
948,292107.5636765153
1239,180143.59921824257
22,182985.35415996678
2796,233410.8440760881
2747,173209.7242943486
92,288260.1910868052
210,158645.2104631637
1858,189258.04793997933
2228,156689.0195747782
447,230664.81303006347
827,236154.03338424698
1649,203707.12406658306
682,109364.53790253996
2698,113684.89754810966
494,169795.53232522347
214,86383.93870097835
2441,249339.9490092313
2679,99830.22767581273
1336,116407.4177245337
465,174604.87174050938
1524,137065.88812532334
2543,115019.98514574753
631,134173.65651119174
2452,313262.1497589565
228,159940.75797518357
126,167259.9858526125
1092,228095.8343989461
1122,224060.30306877755
932,208465.66952328928
1980,82689.67682884537
2171,111745.40357175414
551,146571.173166907
2768,142931.64388175518
2056,109915.29821038859
1159,364713.3361878826
2645,109385.97735555616
1174,179502.4691198704
2266,213578.9178372046
2462,407765.4773188794
1219,144410.97332144302
2922,194267.3826373913
118,144358.14124059098
474,149777.1478820678
2576,148697.4235595527
872,287995.2505823418
1077,198964.93920629343
1536,136426.65139833518
1150,124131.70553545689
2341,333041.4114774661
1931,156985.9929957355
2785,132694.5415904667
2538,129730.27646715724
597,214268.1919902629
464,179823.40636687537
233,231070.32253368245
2169,145080.77465957665
2123,169585.00963754178
1867,172606.1468115374
137,241181.37394527285
515,251352.17449202202
933,110363.49366509698
2784,173153.09316367103
972,167734.54840436394
599,172383.79255685603
2614,129128.79785260494
2582,147986.755257315
1409,157524.97692738843
175,102903.67223740698
352,236357.80229132308
976,90733.43777340384
2134,186676.56336605182
984,122614.53887115254
2396,371947.0953578161
1673,117116.20964437653
404,112910.61318412461
607,168447.4986145622
814,151919.5668036305
868,181157.13971063658
2271,188905.61226084735
1633,232290.7922120635
337,182909.74993748323
2765,181871.46862382354
1746,241253.87153699913
368,337487.6673841657
2806,203042.23612637096
1662,201801.67601068912
1234,213123.64209619022
1373,132571.3174545016
1672,117042.29696802897
1939,133145.85964907694
