Id,saleprice
2658,127006.03782041557
2718,148394.14227147587
2414,216482.64153294824
1989,118257.84974244237
625,196747.18899434805
333,62171.80110212602
1327,102418.83551771566
858,130589.7751526963
95,170417.5890511591
1568,178541.10488959588
2482,154351.06950687245
1364,132111.53373284265
2584,157913.01204307564
818,275394.9024152234
2673,176042.4221900329
2089,139716.81457718275
1297,143324.260705797
790,115603.04007295147
2616,235734.31155162677
720,197499.20032445528
222,145743.843658505
557,125712.73203208297
1148,191851.68948821537
2766,169555.98614852875
534,191534.48130301386
1452,106760.7559422236
630,107347.8317507878
2648,121409.81823243015
125,155611.49096758664
1904,24973.482898447663
1670,96763.38129856624
756,82119.60954209417
717,247903.19671979174
1032,158857.50651660934
852,225699.2347636707
1731,192591.59444768168
2639,113546.68093379587
2071,85220.7142684646
1267,119778.92815195024
1851,196781.60095640086
567,142715.85693390854
2439,216317.75398526527
1898,161742.4158902876
647,165944.24171981402
2256,225010.75155781582
979,94615.75482262298
1444,224994.00175346434
2485,127649.50458492339
157,132512.49437775463
88,119310.73263334855
2003,106633.1741188541
186,216965.3303030301
1425,259448.26286290586
2695,123329.03515670262
738,101288.38692975417
395,171234.57061414607
1353,171321.05203536525
1878,157767.17123140022
390,182860.8696678523
1456,240483.11131350137
1103,324100.5826208908
1387,105836.7168148607
2070,157063.3265914414
1199,182078.7571777627
2479,177364.7784585096
501,311014.2710975185
2362,91700.72879888676
1718,201641.02193325385
2188,72972.97756312601
1483,154037.4784079939
2557,80989.8235355001
437,314946.9640489295
2224,211913.1772369314
1628,186618.25436723046
397,134585.28721018136
587,201316.31751525588
2182,537826.218531331
971,172112.30144369602
2611,148748.27713030204
1887,74766.01437861659
2399,342522.12092352286
2148,210184.684932312
304,130447.31741907634
1997,116868.0694712624
2817,111002.03090453334
1431,198987.13873868622
427,305651.7074236311
263,121933.84743869491
598,172886.40767414682
2895,264300.176175192
687,152075.41638944112
1822,129227.70257804915
2191,100761.05070715956
179,125351.4465188086
1009,210048.76118917577
2010,119587.90071455017
1991,137277.69115253538
1411,205138.86435266212
1721,229475.48352335393
1144,197784.39563092776
593,230263.6959460061
575,303331.0668890793
1249,177947.68969012238
1604,124491.88459205627
1064,423458.3410233613
1923,154847.41536196135
1988,120691.802055059
2325,179433.925768435
114,200042.50214989856
2700,169987.22460074164
217,138876.21314561553
343,204256.51846312545
386,229545.46175602823
2005,124773.60785359517
2908,149097.66853298433
1814,236992.19889204018
2446,467761.4857989028
208,125582.43700597994
1679,113783.1602941379
822,317222.29219806194
6,200461.27018533833
1781,380739.3708947189
2397,290509.8660519868
2340,287445.7791338004
1618,170635.717701884
2843,105094.4527213145
1061,347325.55373675376
2786,110122.4212019667
1935,137566.6150841061
1341,118098.8474517446
521,281017.79726105556
2136,129787.87417734042
996,209031.3810658846
227,140297.17225647345
135,158504.3164332416
1167,168662.96527961828
294,221200.34676392563
1776,202651.0987995807
540,187333.50366204232
1717,200205.24489479698
2303,130281.98447916657
116,191407.0420190543
127,134923.47177741863
1371,137904.90600679442
1014,161269.72118304484
1507,115366.46723014303
702,146299.37516989186
750,158125.09148736857
261,139877.15099589154
1559,47023.38338844292
577,229493.2713637799
2812,204382.312448496
2080,157074.51858190075
1368,129334.62310613692
2376,119977.91957815923
659,107073.35465029813
1235,130845.67678632587
332,58567.01335688867
1917,153553.42046943307
2094,252645.528103536
1460,280363.28411576524
1471,219705.93982305937
1509,112020.71584074572
1922,133735.03976927698
433,429708.07104979083
460,253135.4603059776
1116,265193.08821669035
1137,184923.49722810835
53,170841.12904126942
2354,261356.02905304357
1475,198971.904321637
1761,412196.1519509386
842,141124.05089944042
2739,174758.3680542484
2509,151193.2226082869
1007,205445.0941937063
2610,196914.45860416256
1952,67046.7317185644
2719,155642.10723908618
2921,60840.57012342103
1966,129217.00218187086
292,123647.31692337245
1204,214219.72731076553
1829,261297.88394184224
2419,199575.56106499024
391,175029.3247172702
798,120818.99450846761
481,209069.60980084352
193,192247.13053592108
555,120299.3925361447
899,56502.47265339829
2357,212097.8263871204
328,121880.89196934737
1356,125484.33469725028
1154,87412.15764508955
1730,182838.22618352808
2249,163548.46235883795
1119,285521.8632701505
2856,126235.33273768052
1394,133691.4753903132
2587,120959.82790273987
61,299796.5341494214
2661,189205.1985656619
2711,116548.28506965004
1147,192242.99600626715
757,127984.20777613111
2623,83788.0115346387
2378,140421.31206419505
1413,154637.50720193796
1722,219857.61732368544
1112,221784.8015511278
1623,209769.55195254646
1201,196825.681406565
1513,98693.56623994932
957,376054.2403013371
1171,260288.76954191364
1145,203596.89944846183
2726,250583.07119351067
703,161736.2043452058
760,108485.19171505794
1964,129537.07913230173
2512,182651.07002709247
159,158418.25310064666
1281,189513.4303350877
468,180531.87529051863
290,133202.2066096291
665,95227.99062838033
1463,252863.37858274207
1792,233620.541837316
923,148112.13104438782
500,287087.38594697416
1408,186522.82234364748
331,66061.60131370276
170,141882.60479723476
2192,81940.73512377404
2571,239423.8685528133
2314,184037.8607161604
2647,89283.03028432839
422,385176.4479384031
2457,341206.4397127647
1838,185792.36756495014
2805,248371.0121409148
1645,172882.20181637444
1711,290979.3205068074
2825,244422.39031557366
322,304233.56916770525
2103,268568.8064946607
342,130982.53280328773
600,127469.60211988725
488,193430.17813905515
1725,278471.44683487527
2246,270869.7002311032
2847,162157.16446211562
806,244836.8061585836
530,228917.82973713614
963,200572.950177541
2678,64646.01383582689
171,92967.95936262794
2401,379132.18725098856
805,239630.8925711494
2259,273310.47079075314
1748,201559.72539358772
1361,135092.06750001386
1677,127278.78865203075
1406,174582.02170674503
2322,243959.20640698634
688,172005.491804393
143,138816.2105126027
804,227434.01780092716
1214,172545.51331060007
2828,149634.85245880112
1999,177671.5980497487
2467,195053.92572739534
2665,178075.4400289487
1538,356827.3901126832
398,118776.01294350438
2822,148667.64914493635
2157,152549.28485038504
1856,178561.03253978677
1269,105892.18211891688
2570,118626.35756677203
2320,251370.54638896137
1517,131503.99174909107
2304,123963.51341276616
1312,94229.16412711143
2012,131476.0962353386
506,230403.66333287954
2865,200463.5168975778
2367,115659.45900489576
554,97945.05770155601
238,132327.345303189
1954,98548.06970211677
2488,157711.8322227206
2291,52196.37351485714
1969,98529.14859953709
2725,176238.60727936588
1482,154049.57561573014
2763,213828.90073579177
503,263249.1854941454
1584,253274.98143106513
1531,125014.34298063815
2210,166677.03951961175
459,292987.27060556225
556,141793.97149734758
1347,137023.38437172957
1290,65342.54591483623
1388,99454.20693039149
1571,272534.35138626397
2754,208876.51719473675
765,129143.64307201467
2494,112176.85582556948
2870,229524.7452724818
7,216709.03961686417
1114,256513.95368189737
2418,281972.5769807473
291,129488.15947560221
18,327301.43040291965
39,330921.60927998833
1001,243645.87547750212
2442,239848.97882547602
616,111803.94705561921
2680,64970.072518026456
1414,111469.54008394107
289,124988.68368152529
40,254443.12185031362
860,136128.9464711193
409,140910.46781795472
673,160671.0614650473
2427,175042.83547378518
2036,230674.5087671522
2564,142364.67368637212
642,157553.01691395603
1008,197355.5030804556
1908,156617.6609173119
2519,213952.20349967107
1369,111423.34675612114
2855,158916.0339698121
712,86365.1026661545
1943,119259.78777723387
1958,136859.68237672187
107,169650.84903453477
2295,224415.3059245944
704,112532.90639754944
676,114682.56277328357
259,185609.24182671309
93,282500.26812774874
106,246460.81683646142
2315,195438.61477800272
1050,100242.87087203562
1095,219382.15343706682
2709,152874.8656614367
758,144472.10980382375
1496,162453.45657762513
2370,127234.82616847567
2458,288725.92463953234
2733,129732.88988261111
161,275897.8014923688
726,160992.64252247848
845,211562.01068393514
947,258654.4071501568
2232,138427.32733201608
2563,156879.5243370626
2299,144230.9755553007
211,77649.15597772412
605,166712.6136092767
1478,208463.7575796768
2247,271318.836011637
2274,228304.89233604632
2869,213125.54504354112
967,222013.4593556635
2656,105688.73959513009
667,216881.33046446368
1042,130850.0547677055
2023,165727.20696521178
2447,365666.1180724669
2055,121924.2208451815
2275,269372.500342723
2204,156699.84681317024
1563,255543.39701859094
483,218630.13630832173
796,121075.98295455612
1526,141676.92585167103
2042,125681.24578689225
442,320501.5050915964
1693,300705.5158556029
1468,223871.20786659047
1430,200647.60380733944
2605,154818.1596144624
1529,196338.4988521766
335,142447.96890212037
1287,133480.0992345959
31,95062.71666725725
1785,301060.3916726634
82,188310.63257346675
2620,122206.32613145001
252,201163.46827377751
721,54245.52766571194
2165,177016.54536358267
2316,200525.2823213134
775,126539.69040576555
1558,88165.11471566744
17,238688.99370332062
1022,242573.32578902692
925,105006.3301675953
438,273758.1054107174
1270,127259.7619090844
1272,109668.56093855388
215,124059.28261182643
266,236365.773991419
2402,274361.92411132157
1250,137646.03286092728
1984,137106.2588443905
1279,138671.09149520472
377,269869.76116006076
1252,130191.85666563176
2156,279612.49860786647
499,331789.63390920684
1374,114216.0324525889
2898,245345.62278125063
401,114814.61466779001
2721,186764.68280058168
2078,249946.61731370725
2589,112620.88618290797
1946,256187.52346993051
1334,113115.70971311256
2781,242341.55229930766
431,361464.72678489983
576,211006.92490760237
1474,224679.60490922816
2254,142952.19062483683
2155,300296.0730883498
885,103328.38335989602
643,139456.10408579186
1944,116990.24679196812
480,207089.07996764965
2845,88556.12261469848
2387,301359.1392071303
2407,197697.31541130692
2527,195854.85849251412
2514,145169.27632047795
629,187234.65441423282
80,220294.74368546717
1876,133292.96199388988
1546,119564.6187339183
2518,180853.3519628048
2347,177858.12780810148
783,216614.21359676868
1322,31960.46273206733
194,68013.24051750638
1770,303718.85726751573
2143,133484.75396321528
1229,233287.70648910664
511,289885.4400415309
46,214638.00730337948
1348,181522.41214852594
2465,192379.1315730065
387,237105.83095994405
873,238675.22113042325
1918,124475.09556496888
2764,250131.8619392775
2184,128573.32515515573
934,147595.4394850582
1920,132575.63749480247
2631,161767.61741986312
1768,487580.95639791526
2040,112750.4195449315
1749,217496.5654693544
834,226325.9186726138
1457,236998.2339483574
79,128324.5679793451
2302,120955.42491895705
1817,144461.15488613397
2755,242607.13550972752
359,184430.57652150095
2059,99827.7591465246
2092,268361.2653421331
2516,228914.02934190258
150,105489.2554688584
1656,159392.3548342716
83,92407.71822850779
2411,184205.58221332356
795,56083.70944532007
2312,238375.0299488809
2917,89874.80154030398
1624,190482.70620681345
2215,284188.4252620209
1211,165313.73066052422
1485,158305.2992087137
1024,206099.31017985567
570,194610.6736188121
2874,135555.2101362981
700,134051.87826389633
2756,217713.6382136941
2022,174690.08479491808
583,247803.0257166773
2392,339134.9699917305
2424,191692.8192329742
212,106130.89970681444
736,124397.33589356765
1610,164578.02291951142
890,119330.7859527506
467,186368.96755990572
578,230801.77812071703
1747,197758.9985886775
1149,155180.596936943
2758,243746.24630776048
857,132695.93504072353
2219,273764.95316460915
733,101702.3565922454
2909,96814.06399065256
1798,269473.2291983757
235,98617.78037185967
2366,133080.4600518383
1027,136927.04184033908
1195,143697.24545864202
1303,15387.775787366554
148,207801.8746758625
608,174820.6455141902
2515,199968.60909547098
821,273996.9766996
2500,271574.3879062552
745,98567.15929167904
741,121481.07845141366
1611,109361.56570645794
2532,110031.37506116927
1081,245120.54447043128
1692,373518.7688986324
2520,194596.93086863123
276,115623.64222670533
1992,123391.63750216924
663,30543.958711525425
418,133816.17438272014
1733,199709.35354271717
2359,176542.83273871802
253,196955.78900615126
1518,157092.40848210454
2035,141410.35555747338
2919,64360.123387107626
1540,244432.63818180934
2120,142056.54703323543
1674,170152.33596853912
256,151001.4256055411
2361,81128.14402093552
978,47538.56698344648
2280,156111.18920663
2095,236488.3610927686
1709,323577.06256273016
2801,257853.13446714543
1246,102857.66152053885
2373,110394.04365994222
1055,286560.2846567556
2017,125997.02894200198
1099,294747.09215629846
1344,96926.43836533651
835,206560.97706985287
1117,213998.9703598041
2043,91258.69286502898
2085,116650.19785959832
410,152555.58743496425
2650,127890.61257184483
2867,166387.64438178577
1668,109661.30697173625
1161,162854.9331954457
2122,178868.14985540323
2539,141428.00832458027
1047,157410.8398773782
1445,118445.61126892269
541,143072.21932609007
569,199079.71659520268
1276,117270.93004538864
918,151535.199796997
326,170057.85639792308
1936,125327.35825184733
895,72785.87312807329
257,141408.76867539808
1241,204645.26953164116
1545,130543.0374550242
1189,183828.38462285697
270,148388.1210990157
2066,215398.2356162928
693,110062.31484268047
1259,161390.87982498296
2916,159786.8710871581
2321,295776.4333360493
1977,102146.2846121192
1895,155272.95714674704
1240,175554.137423696
85,148445.81445068307
1823,118170.41976111755
825,292468.4611770734
110,228705.5019389689
697,122351.50754759088
2297,113745.70992212556
1231,145189.431581527
1355,132272.87703345343
968,338133.9025814701
584,233748.26349603198
1315,136063.76075419225
1606,150360.35610929877
206,111249.9913222976
1685,322057.5094648823
2016,127032.01802667789
869,206843.47481890582
2135,120796.66036272421
2346,197065.8896566108
2430,237298.005599292
2198,74168.27841686644
2652,103167.3621053677
27,116813.94952723198
241,170558.756757861
906,113936.02389634773
1506,114879.2514654696
2098,348807.45456684195
1435,224464.3349646516
2213,154281.43326874264
1274,141783.16555755213
743,31698.90003820695
1737,198012.18864362687
2797,292551.14810335636
2185,71525.62944819033
58,182602.0470221974
830,216556.1715078596
808,117494.88870604895
680,149029.15266633965
1153,90629.47774252295
1291,128666.83978698216
1818,176751.19923181087
2161,189466.20449110866
1883,120281.09739845246
350,326846.40230710246
2473,162387.5014902074
295,172804.8526109755
293,207477.21235469356
859,118069.84147383459
288,39828.25172367692
1578,144531.9392342642
102,195132.9089077767
2831,164071.07759899832
1030,180738.38235573657
2551,143032.25797550008
1286,151293.99702425115
958,301916.23965779506
776,127117.17792288959
72,238053.06143536046
2263,251713.25926784426
1866,154405.46758904867
2876,52766.853052508086
2146,255023.27297035418
103,170919.71341326647
1500,146698.28511356004
492,190211.6148602739
167,130841.17206740007
2597,110701.63346939534
2685,97689.55050494336
1035,178620.99493303522
1220,39772.60551636666
2602,161168.08651522547
2159,209852.7023792658
695,163889.2334920857
1109,261711.06966657005
640,201030.80910718068
1652,152681.0796254333
2090,168741.90442459285
1188,204286.5399898719
2345,261093.77554131672
1059,362432.21849018894
2751,233901.4921336919
128,219003.0904671941
1523,184539.15665599704
2925,187389.99291489273
2145,310049.5661013257
1121,222780.10413807444
566,271738.6515295338
565,239523.833651945
1331,122993.44535265677
2928,110913.41353106126
156,146188.240845453
797,155104.15446916036
327,64262.97082364373
2859,144232.1447539851
1453,112652.36779460125
1762,331185.38843429275
1868,245117.4083715137
1760,195574.7831957508
1113,257859.3780533839
1812,192936.7791711893
117,156738.43862194195
1142,235340.32867465913
2342,360187.0433934126
927,130864.24079257622
2478,196760.520618923
655,52144.38275789656
2064,119973.70745051093
369,248112.18541511148
2239,112986.76899912767
2732,214634.7542218212
1653,184041.4015082866
959,206664.60474974103
2395,310142.3605331406
1412,117683.05924501456
271,257767.41990870424
1484,154491.94530869462
1497,152371.08658012375
552,172419.52422164567
2,132913.42650031857
1855,305534.30430126376
4,253017.06473216042
2292,151596.2917284798
134,141294.26529446058
646,106222.1206679549
42,295745.9707043525
532,230380.21540385298
713,69094.60284857266
2561,137209.8504643459
2360,131292.58351312205
1333,117106.1274664849
1407,242589.03046040982
2892,287301.6313955337
574,230645.945337506
1227,200788.43735702336
2591,242339.7624176666
1476,234800.95004604943
1125,277979.48315101303
1446,133906.57231504284
408,114679.35352083482
1101,300018.1462011188
2251,193265.31013923325
373,213422.3230126053
2554,115820.430855738
2382,270304.6882030666
1985,65275.53045425564
519,238834.2784802448
1093,213694.90507211722
864,250672.13926835544
2889,151565.30255416967
2308,207214.21603118256
986,167562.0275282208
1302,151573.57875473425
585,165727.41719391197
2708,151827.03076506592
147,126106.79423338175
1441,234619.41116605885
383,196591.59633740038
285,150538.76518314518
181,101756.74101587385
358,180265.65747591667
780,162131.55975867622
258,202534.9504627902
1865,243725.9317216836
692,128482.0526277516
2902,324985.5792460833
508,269049.7370564565
2638,148717.87407107837
36,143873.0491785556
611,175122.23395550624
2281,121567.6579598505
1678,112778.81334003061
1696,387679.7671044599
1557,70279.17740047164
2180,159431.77546951547
1726,215465.57501823083
951,148292.71687573008
267,228418.83686430007
2706,133927.82290495
2221,248781.52606799267
1357,174929.98745240457
2901,311423.60458770394
347,191358.87762581185
2164,207589.13985517994
1586,305596.9162520133
360,167487.24552801065
1769,247327.630405074
2617,196898.175619483
1879,116924.98964955844
991,220251.32110449858
1535,101289.22425519302
1191,135629.57321975753
1579,208071.92199202813
1882,-43964.009940996766
1510,117789.7878733445
2196,162319.51352916658
1845,170910.7968482785
2336,344442.7168608457
942,78381.48258741014
861,114695.6488418486
2555,98489.50473779812
1392,157394.31180143543
2099,268566.5174236074
1543,131761.14783346653
948,288154.79948480986
1239,203154.9665033035
22,191485.06254306063
2796,250512.85966474004
2747,188452.95652760565
92,295219.3831497524
210,171571.06528948992
1858,220731.191918768
2228,184920.5659165755
447,223582.38718768023
827,253174.65337342955
1649,245063.69683874957
682,126582.80059836246
2698,114350.63056276366
494,185156.36738224886
214,81198.23167017847
2441,251518.96472291276
2679,105663.59761344083
1336,117386.51675118692
465,198529.98800857738
1524,149881.97623744607
2543,119946.54588367604
631,143887.67577434145
2452,305798.0865415856
228,170203.7709316481
126,174328.96400769614
1092,226848.1156461686
1122,199000.00057928078
932,217957.04569716752
1980,73921.18324295431
2171,105010.4564750921
551,167556.47980391607
2768,183767.69179769792
2056,99692.35195373185
1159,343499.25649854913
2645,89564.81027211994
1174,176457.73098927177
2266,218095.85589842498
2462,366844.4521045517
1219,142757.96032847837
2922,174020.02749912255
118,148720.73126978986
474,174165.15862923115
2576,157232.7939903885
872,276535.35764457844
1077,215231.06823940203
1536,151039.62399284355
1150,115326.72240191512
2341,312989.60870029405
1931,137350.16890264302
2785,112877.51630644687
2538,126568.80832115002
597,235140.28282153793
464,192841.28610672988
233,242106.5699422676
2169,125953.0248866491
2123,177046.50325362943
1867,198366.65076419525
137,270189.9892843254
515,240843.74453888834
933,125833.05007703975
2784,181509.3636433892
972,173554.90982113592
599,182066.51201775298
2614,136165.44079725258
2582,139156.0333562363
1409,174413.08852989227
175,71531.83234804682
352,220650.91143952496
976,69742.32711124048
2134,209718.67832329124
984,118790.00864861347
2396,330578.729820732
1673,159703.02099725604
404,134174.1612492632
607,181104.4867647104
814,161707.09997929446
868,195563.77343739383
2271,190103.99116065726
1633,222835.6455762554
337,162422.87852495722
2765,188408.35041081347
1746,262705.75539927
368,301421.9771595914
2806,218508.0734260138
1662,206414.96679851413
1234,223319.52405213378
1373,120477.60303399526
1672,106285.16356505267
1939,119302.76765245944
