id,saleprice
2658,133738.40901291667
2718,160457.3071392627
2414,210053.13739961712
1989,111309.15540962106
625,181224.4800777426
333,81977.58072090233
1327,107668.25526738168
858,145129.50031357643
95,184585.46879172613
1568,170895.43789116535
2482,145161.57464286964
1364,130476.89506987878
2584,160774.00577799144
818,264194.94782397454
2673,168163.7279786858
2089,123284.371481788
1297,135896.77454340685
790,122169.30651853865
2616,187148.62510089
720,172823.92118433112
222,147466.27429692706
557,118297.40948783512
1148,185456.35660874736
2766,187070.58682380154
534,173744.74076904616
1452,111333.32811831142
630,131424.44875654683
2648,134131.8329084737
125,156522.69090911176
1904,49254.36256698397
1670,103523.56459128644
756,108904.94479986904
717,221118.83546794695
1032,165900.3580892763
852,206802.54374749126
1731,179018.92259954353
2639,114329.66849510775
2071,72381.24700532884
1267,114736.29540995388
1851,185580.22400824784
567,161750.86577454238
2439,199792.0158934855
1898,157724.26603944373
647,169781.49079039512
2256,208445.08654942072
979,98250.153486711
1444,213044.4100815819
2485,131221.3271810735
157,134711.50699106112
88,122308.30434434181
2003,114438.62676178009
186,186444.24364499148
1425,224991.09432477815
2695,133987.58800394507
738,109596.81098225566
395,150663.66930723307
1353,167582.29784350353
1878,141373.30107028547
390,168524.11336034574
1456,224156.35355311184
1103,321963.393010424
1387,115225.98862255584
2070,148248.93556416396
1199,169401.39114217347
2479,176706.7451733254
501,307995.65168167744
2362,95322.98090445113
1718,208279.07225879794
2188,85245.83754937474
1483,154639.88238242097
2557,89659.09478064658
437,356758.9416254866
2224,200663.99338607435
1628,161019.8425751559
397,129248.86270990406
587,202574.15422801222
2182,582016.236690692
971,145812.41002000045
2611,148264.6303974907
1887,87867.22937571933
2399,396316.52962042124
2148,193432.61373536006
304,136761.73242864665
1997,124696.27740378781
2817,112943.63615791206
1431,203960.37711120537
427,373254.67975611833
263,118789.6543019354
598,177007.89289504
2895,226232.9738251337
687,137877.27026681864
1822,130610.7083623624
2191,106057.99611705777
179,121987.03110419624
1009,222059.9070861875
2010,130302.91602106596
1991,138188.7377815342
1411,198180.40759428317
1721,220820.9965728276
1144,190590.7801175875
593,210007.49876632373
575,330255.2050462385
1249,180031.90161354118
1604,130545.73377260682
1064,495862.60186691745
1923,157739.67845615424
1988,105715.63139614525
2325,167243.370869429
114,199141.88835270584
2700,163025.60045431324
217,147909.43109189643
343,183186.38982841908
386,220691.2904854896
2005,112605.31847994933
2908,142624.76159746008
1814,243284.7100699466
2446,474684.31224457594
208,123714.33285496748
1679,103080.02892280172
822,351114.03600532643
6,191640.10012755886
1781,413222.68330329383
2397,304774.9170727073
2340,316951.79689165036
1618,168788.89081824507
2843,142564.92295669095
1061,359855.0495198531
2786,118222.31912112203
1935,137164.6220857265
1341,109081.5578822656
521,244793.25685755504
2136,136109.4076642613
996,213425.56506745453
227,154723.7191675097
135,186687.61509261685
1167,165329.91808369412
294,225970.1194193154
1776,203093.94246426335
540,168681.18012425277
1717,217938.3756342646
2303,122389.27051836204
116,184697.69528677463
127,146389.8688167521
1371,140981.10255016916
1014,151923.93517950494
1507,89909.80968359997
702,113708.71558504553
750,152469.06744278345
261,144084.47914437443
1559,45059.349621918635
577,208465.98845012783
2812,193763.3412332047
2080,166055.85094608288
1368,108496.32656178837
2376,122022.76522399229
659,109597.56213878469
1235,127959.08941731296
332,78462.61052368263
1917,141806.226752701
2094,244239.708687397
1460,254672.80099583312
1471,223059.38620323467
1509,129061.15151639754
1922,136442.163369943
433,497742.3675606499
460,299413.25769981043
1116,230013.80843632654
1137,168813.29056059918
53,151863.941153551
2354,269149.3897078937
1475,189364.91609462764
1761,511247.622226048
842,146930.27800379673
2739,188052.01041360945
2509,151504.51992724702
1007,198214.85871474486
2610,181273.42358372017
1952,98967.77486916912
2719,162951.89629701793
2921,80982.14445203755
1966,143995.35088537855
292,124842.26521534598
1204,187073.0661195913
1829,246792.96925274903
2419,192939.66709669126
391,148489.3862871346
798,118459.15407140073
481,192311.87403610014
193,196368.996390853
555,123989.17097449859
899,69977.37729610685
2357,181008.20017164576
328,137142.31986657548
1356,118759.17509736984
1154,96080.78219324719
1730,181837.01523947876
2249,161673.68683331093
1119,272263.0337785611
2856,143177.29035567824
1394,126838.11681598335
2587,106520.54493090374
61,333312.30740052747
2661,181192.91910270485
2711,127761.13987298851
1147,177391.28526232427
757,127453.80671082588
2623,97052.56329314402
2378,133105.95072521077
1413,140715.33018469036
1722,205763.52699726663
1112,216582.55942216172
1623,198767.29899197211
1201,189057.65004978282
1513,114523.8147087531
957,373540.09522614756
1171,258833.2569706603
1145,193823.14720763193
2726,227315.36041489558
703,148958.82318357343
760,74315.85768837432
1964,135835.62138588377
2512,178225.20369066874
159,146822.99084845933
1281,172427.11872232443
468,187665.19575805415
290,122082.07806869337
665,91269.73491857846
1463,239107.423683103
1792,223930.68609464684
923,175656.8881610003
500,284558.3522853818
1408,204410.30618472325
331,72884.7556103357
170,118960.48828970667
2192,95765.95007953132
2571,301626.4881111607
2314,178100.67442318433
2647,70573.06580925317
422,442792.1357085175
2457,376555.6984323649
1838,208462.289834576
2805,243991.2813654095
1645,144873.5178670377
1711,301485.8149904689
2825,251490.9100489868
322,358195.26727167296
2103,243889.27040977444
342,114145.19497490054
600,123314.55236950527
488,179863.36051151258
1725,339416.3751056429
2246,279001.61575338227
2847,172724.93701467593
806,230390.0177789872
530,231659.69779115135
963,189665.55773463697
2678,103061.52123775441
171,63373.837918042555
2401,449417.2711685571
805,222478.23175799218
2259,237436.86393838242
1748,178280.27435817829
1361,129127.72412640312
1677,111473.7349553055
1406,161400.5607352363
2322,262882.1521635272
688,160740.46173422097
143,149505.92510674015
804,203858.46377529413
1214,173043.46379721438
2828,156830.57720308003
1999,184573.0699479759
2467,207635.52303712396
2665,155955.0741427904
1538,311212.9142758887
398,119878.68725205133
2822,159757.14976827844
2157,140541.83010686794
1856,193958.43511279262
1269,92149.63786829433
2570,111180.41508465887
2320,232908.65505933578
1517,125346.3294175042
2304,118061.83166807482
1312,100522.06867116682
2012,135476.62316501688
506,249227.11955384546
2865,196163.74980279268
2367,88325.6120130876
554,84961.54310951794
238,135989.09150631516
1954,92981.63406596889
2488,124836.35871460605
2291,74102.55840587051
1969,92802.90568655283
2725,162921.46165062836
1482,140971.7248513871
2763,196397.48829957342
503,267216.2571676171
1584,245478.5894846276
1531,153718.41580021297
2210,164921.13426717866
459,358507.17454890895
556,129019.08399500154
1347,139699.85020543437
1290,73820.282265073
1388,105273.74492355002
1571,309190.69250160654
2754,202393.24964257545
765,137949.5864104023
2494,126823.62226210491
2870,226109.42352557974
7,221049.59131132026
1114,249243.18565481802
2418,264429.7875213703
291,128441.74078492261
18,379325.14407197986
39,399669.95678196254
1001,265479.1489127666
2442,228657.30233863142
616,119417.66326799363
2680,78115.04431502783
1414,124614.03250676052
289,145534.24154495055
40,251741.86666184186
860,131679.35974716215
409,119250.11900592511
673,165397.36717976563
2427,177786.00977388278
2036,219897.4817983228
2564,136328.8797320976
642,166606.04894373246
1008,179785.32362722076
1908,140164.82148857997
2519,208746.05287463008
1369,91481.39789145607
2855,164818.5175377032
712,84358.43863292987
1943,125635.35307443183
1958,112729.48536088056
107,161232.84313739283
2295,198405.19644510027
704,111951.17185665791
676,133527.58548870526
259,180522.84055165594
93,285428.1213843204
106,237876.91274524774
2315,180371.33685427767
1050,97735.33107887556
1095,198261.54219760347
2709,147493.57262212818
758,114389.32193269956
1496,155614.83469988505
2370,111941.00526174495
2458,291602.44754255004
2733,145056.2447322531
161,266530.6426819
726,149508.8318901562
845,203847.41465429036
947,241518.32373528587
2232,118880.1050363994
2563,146532.78233875695
2299,160901.953909816
211,67997.555257795
605,145051.63556751728
1478,199688.76815444522
2247,270192.42058454134
2274,242803.97553861162
2869,209975.81893484667
967,211429.1110303818
2656,119447.84005257353
667,185323.1490759667
1042,113174.52853792343
2023,162029.9074024526
2447,387360.759683024
2055,140080.13922705222
2275,290296.70546707115
2204,158088.29244172014
1563,273392.4840048843
483,213692.41044056477
796,118777.61270342277
1526,151282.15928678247
2042,128079.43082438473
442,373872.14171656035
1693,337010.41769958276
1468,218558.56724931404
1430,208962.8249698346
2605,143773.7017189161
1529,180691.99174652397
335,143778.06121842173
1287,122952.45498778297
31,94085.09858935651
1785,353239.8678649881
82,162221.15819617987
2620,128785.25271575453
252,176598.90533844708
721,63891.579206627066
2165,189040.79786740255
2316,193797.09384572992
775,135667.0100503141
1558,102452.77862033088
17,202861.82874858633
1022,222788.3137402936
925,122440.92923041088
438,273626.4371104181
1270,136814.17207301175
1272,121545.2104984921
215,121249.14274330444
266,222526.30145640008
2402,287429.26093518623
1250,121605.54245582546
1984,124165.48267312071
1279,152756.40566783457
377,240324.47833751232
1252,134337.40300992358
2156,253796.78860057477
499,325698.0930737362
1374,121769.19417034298
2898,253840.4686527959
401,120435.31693147507
2721,165364.18976235087
2078,217943.62637119828
2589,124815.9238820019
1946,228953.94151377078
1334,117718.9770670367
2781,216855.90678032063
431,408974.5844490044
576,202450.44194289454
1474,204689.82625363822
2254,135410.40380553665
2155,262316.72438951675
885,111744.85113867461
643,138735.07453911356
1944,123047.43074027615
480,195585.24219439007
2845,92688.01660171326
2387,312001.86601133284
2407,206467.29593837756
2527,168962.65578857894
2514,144882.26932717708
629,146997.80715768272
80,198641.91557778884
1876,137868.83307163662
1546,125015.89256485974
2518,165971.6316721535
2347,155882.39876074207
783,250129.44360947987
1322,45097.7768196988
194,73465.45341505611
1770,301754.36738355324
2143,164151.53738771015
1229,226063.260206546
511,265260.70307739
46,224990.24351876558
1348,140427.80617049907
2465,206053.22136630063
387,227835.1856590096
873,220477.56556661133
1918,125857.06926492412
2764,228958.57919973062
2184,130425.14559444382
934,135648.74143742258
1920,133509.9099058719
2631,158621.04384447364
1768,559155.1689387772
2040,129091.17468136862
1749,209965.32349496972
834,240484.39007907535
1457,224117.34207222133
79,115800.59936408694
2302,130538.61841809031
1817,141145.13681552318
2755,228209.8604010024
359,170667.09799868232
2059,102397.94756395067
2092,228104.76335076836
2516,216711.37832524386
150,116122.0438070626
1656,141434.39108666888
83,96398.65866846526
2411,185250.0119200553
795,88711.60519092366
2312,215024.24077607295
2917,107683.46941838924
1624,177244.360689429
2215,281665.81050723646
1211,153598.69207991112
1485,158640.00702597495
1024,177507.92397465426
570,191655.62266437605
2874,141433.17459565314
700,138498.40212921094
2756,217502.46510865775
2022,182306.82290971195
583,231080.50432900112
2392,390109.8294888069
2424,171116.33956919555
212,121704.67422198554
736,129818.78191478064
1610,167274.19231447266
890,104220.77153242377
467,183063.4234771344
578,219309.06972264138
1747,205723.44204292796
1149,147625.26053809212
2758,257790.82039474277
857,137135.95557891746
2219,234972.12750326865
733,107675.7305776315
2909,100960.02762812364
1798,248582.6582021475
235,140262.18103804396
2366,108045.19837501949
1027,128006.45681871814
1195,142366.19662246338
1303,40301.4564507083
148,196726.67357551068
608,159078.92852709256
2515,203088.2994196861
821,282328.27149291994
2500,274961.675594072
745,113867.00175959368
741,131825.7756376192
1611,143984.1033913626
2532,130243.03361024064
1081,225715.6181924484
1692,451325.4335378354
2520,182248.5156285119
276,110266.34189906508
1992,128894.58324510581
663,37956.279181608756
418,112853.56201436886
1733,202483.51094385068
2359,150313.9598721086
253,175454.90132648268
1518,187324.33372553965
2035,138015.17480064637
2919,73130.87291553745
1540,225946.03427183419
2120,156983.1585865925
1674,162149.8850517195
256,140957.0302112067
2361,99443.53997624088
978,72689.79130956158
2280,151900.2299242772
2095,216998.45722717058
1709,323486.94387541874
2801,240008.99371593722
1246,107403.47753998154
2373,94522.33655526
1055,299153.52704445896
2017,128783.85575602
1099,279411.9196597879
1344,78032.51541452948
835,221061.87703554833
1117,236209.3798405249
2043,77749.06326628191
2085,111954.19041565653
410,138272.32725002654
2650,107274.44132952097
2867,163840.3725481173
1668,114981.73673735185
1161,160375.04742180952
2122,178558.14889564316
2539,146536.17436202333
1047,121914.25429504193
1445,131403.2168709032
541,132833.6817123383
569,216363.25598104415
1276,116549.86451147935
918,135295.13046017
326,169959.19096143643
1936,125538.92158360104
895,101616.40820178337
257,147004.4256678942
1241,186760.48890599379
1545,119949.2855029251
1189,165895.79746861986
270,136877.84620402154
2066,192806.98062598598
693,113595.54523064925
1259,150536.73948893812
2916,153244.2499072697
2321,290692.3414943665
1977,89857.62082148402
1895,142921.24371420642
1240,176700.09110035314
85,141115.82216825234
1823,127129.68975042984
825,285510.8982810079
110,228306.9451376243
697,118500.31249106713
2297,110276.17781504401
1231,140591.83988033168
1355,141148.80424343393
968,362445.49682924605
584,229668.5651254369
1315,132154.53369730912
1606,140347.60029058883
206,112791.19353180465
1685,397871.45580931485
2016,138897.50444453175
869,203423.06087551138
2135,122979.18892114938
2346,179281.05242613814
2430,222634.14378899755
2198,93294.12879941263
2652,102490.25515723195
27,124553.32236091902
241,160912.56713717265
906,121853.97066995228
1506,131983.80227787944
2098,355488.3012823473
1435,224383.76756088977
2213,137526.58744448022
1274,134146.18035127767
743,27812.947424840095
1737,197926.85289323574
2797,264176.7398735845
2185,68807.07598703504
58,168447.74323979684
830,194167.3955268673
808,110352.1301849947
680,154519.88316418277
1153,93549.75683825748
1291,132227.11260874066
1818,148704.9447878235
2161,189265.33692960395
1883,111218.8163023406
350,355718.92903716455
2473,155486.38237278268
295,178103.01483409543
293,185744.92875363547
859,130637.13724217901
288,63571.33561345884
1578,147113.3378490913
102,190312.2162602784
2831,140835.9954270301
1030,163293.0643375516
2551,145349.41260799865
1286,146400.85016143037
958,326724.4363016484
776,130585.57796954205
72,256741.17004859334
2263,256250.43497158226
1866,160264.77623262658
2876,71516.16291386486
2146,236088.0619513974
103,176504.2470618101
1500,141229.79357697594
492,184550.18171478467
167,139982.90273484617
2597,116256.53755270968
2685,96947.27671999625
1035,152219.6405323381
1220,61241.533181553794
2602,150498.24145823365
2159,204528.5847515408
695,143455.4629270209
1109,277356.41290644644
640,194191.01016279624
1652,144441.4958527185
2090,164705.66987931606
1188,193035.87304106908
2345,222044.8199344969
1059,405171.4354375355
2751,236718.46604751633
128,213137.71096289696
1523,169926.64163952475
2925,188244.3770928838
2145,277243.2892856777
1121,220415.29844547095
566,252389.97207823655
565,245613.23202447276
1331,139962.02249718492
2928,119135.6849147872
156,139974.6763419864
797,151067.45888918135
327,81995.41281546609
2859,118492.32544485465
1453,118767.0307582021
1762,336759.38214857015
1868,201760.88353682085
1760,183185.19925841375
1113,223296.0750245211
1812,199198.2513071182
117,153980.77520741464
1142,212038.54844976513
2342,438221.00482598064
927,132390.1237922042
2478,187225.54039633606
655,76660.97813757083
2064,114491.04451235049
369,282181.9922291351
2239,115665.57359854331
2732,219534.0248166876
1653,160675.62917482862
959,231739.45486909815
2395,350859.4527720307
1412,103467.71114367925
271,239866.69305348158
1484,141496.11417080124
1497,161101.70275346164
552,151017.2690037218
2,125610.98420149728
1855,291852.29129262286
4,278848.8637337408
2292,149243.85853558307
134,142816.910465347
646,113210.23443890864
42,319180.6867198115
532,226338.53267704975
713,100348.31205703777
2561,138717.60926313937
2360,138013.9490255475
1333,122429.62170711478
1407,229282.23999229737
2892,291921.45997183607
574,212550.6935203993
1227,197010.4464294523
2591,199278.51065952866
1476,212514.5189490981
1125,266443.70203926234
1446,131120.46933431065
408,106431.24088596797
1101,286634.91677073913
2251,191997.8962366966
373,192649.1215250793
2554,123164.28700532697
2382,256419.1151563974
1985,90365.80513899802
519,230472.66402205414
1093,192507.28659349988
864,233047.0327632316
2889,149114.10984317068
2308,203790.68510343967
986,172008.96756653948
1302,153012.86046119113
585,163272.9906140406
2708,142079.23643050776
147,140770.0192343419
1441,218449.43282773602
383,194524.17577117108
285,146459.26170986934
181,101580.76483452746
358,207281.52967793404
780,178714.8236779224
258,188683.97252161556
1865,221083.99757810577
692,111958.88045634961
2902,335437.0449025162
508,247763.21442900258
2638,148714.54299722478
36,139203.1584654187
611,179997.20366122224
2281,162354.65426288932
1678,129311.75177819742
1696,473124.2914940757
1557,78226.80055765032
2180,159492.26130629997
1726,215454.30532751913
951,153120.56055361396
267,222806.39535304613
2706,144978.5796730213
2221,236825.91276388842
1357,155410.6526046545
2901,307116.9325799078
347,170440.09681831338
2164,191133.50256043187
1586,293887.3593373061
360,150004.5863168322
1769,263564.13994579494
2617,168972.2245646855
1879,132247.0650241887
991,216639.5361006115
1535,124287.18609218473
1191,138729.6389983175
1579,215592.77888786723
1882,139931.98065946158
1510,136772.19908613103
2196,157402.93759400118
1845,178289.19704016278
2336,395247.5828957328
942,94798.96785710129
861,126334.56284741373
2555,106611.66588688186
1392,174413.72162492186
2099,246441.63574579105
1543,119777.14499271322
948,298259.9012520804
1239,184285.85481716096
22,185993.0603189367
2796,231890.47312564007
2747,181526.98364874822
92,283977.4389401
210,171047.60354706092
1858,201836.30453895833
2228,165694.62743599105
447,232345.57115577458
827,233036.0712838998
1649,206042.18077726712
682,111305.66827261669
2698,114183.06707085753
494,163903.0034500331
214,111469.3755976998
2441,243729.1561325419
2679,95709.80925073572
1336,115350.94798712108
465,176383.60673609606
1524,148095.40864858506
2543,114141.6267382796
631,138578.19902912696
2452,313246.2627751803
228,166526.7397475419
126,170531.26127481277
1092,227190.547179403
1122,225734.5338663214
932,213184.66730601314
1980,94158.21457185167
2171,116572.246502099
551,152668.8265577965
2768,153258.40692871838
2056,108659.41712297779
1159,350703.96745371894
2645,120823.46831908227
1174,175950.83999596527
2266,215927.67306191626
2462,381103.84896274225
1219,142477.84156488138
2922,192173.7918195382
118,148620.08666023496
474,153105.87618040806
2576,152973.82929146616
872,286106.84685182385
1077,202032.98035061714
1536,142529.82238941922
1150,116824.49232584608
2341,333824.71588498115
1931,161929.81292799435
2785,136079.59316466097
2538,127870.33473867693
597,208998.84457340042
464,194149.77347674215
233,241760.16642086062
2169,154558.8151190009
2123,167015.1552975635
1867,179090.29569992615
137,243182.06310600665
515,245441.71337988952
933,109251.94386309784
2784,170990.13910528284
972,174776.66163290772
599,160227.77430549497
2614,128671.31535365428
2582,144284.85724578693
1409,166974.90595333037
175,111922.32734269364
352,237425.31809365712
976,82196.65176509843
2134,189229.3831408704
984,114575.28382419678
2396,365818.00217612495
1673,130209.17566079044
404,108943.47737869281
607,167769.63884733897
814,148978.69348481734
868,186948.77038412247
2271,198129.38008131867
1633,237082.74608624686
337,184390.92985136525
2765,190698.5080198005
1746,242759.38886686694
368,332085.0055169771
2806,203284.16518816998
1662,199404.49591796004
1234,215125.693269804
1373,131181.81368321425
1672,108672.79851341892
1939,129162.82610704392
