id,saleprice
2658,104924186.14383537
2718,114210688.78533293
2414,131417659.54828823
1989,81900632.32316093
625,102478545.74033196
333,55645052.96238057
1327,83654304.38107184
858,93969163.38817532
95,76355442.48832703
1568,100858884.63045694
2482,84985593.7905509
1364,77705532.35371274
2584,104510944.96532407
818,126717553.05449872
2673,112349355.33219677
2089,86653249.90354154
1297,105758041.14651248
790,90290801.78600863
2616,117016043.85715912
720,137485960.37214988
222,84136860.79002601
557,84090284.61001499
1148,98696830.93705349
2766,142569733.23301625
534,94143597.26643981
1452,75641035.73425364
630,113446671.16331106
2648,97720971.40699463
125,89851488.236014
1904,37240495.81504486
1670,76918834.00584906
756,77476124.0443799
717,133860218.79572561
1032,100613167.43271603
852,109112385.96230265
1731,110800176.6771104
2639,85526934.61787073
2071,79331242.59364118
1267,77667710.74916495
1851,88409752.49931479
567,67113128.84630686
2439,113129990.04409662
1898,88599591.82754739
647,107169647.5288827
2256,84409293.50514732
979,56826566.5310171
1444,114930286.46631059
2485,81709128.06620449
157,71510522.51905446
88,84084262.17124799
2003,92165025.15268713
186,108860153.3255895
1425,105143918.37402897
2695,83300563.51623616
738,73769518.02508315
395,83929896.70020892
1353,104063860.63776493
1878,97558430.7192316
390,102757008.00944601
1456,115137909.59807691
1103,136117702.38762
1387,113007206.60288256
2070,110784097.24692798
1199,120248925.61029631
2479,91495901.7339115
501,124864233.57392862
2362,79487128.17075707
1718,79135447.32642291
2188,59185940.00848941
1483,66304785.390441775
2557,64103875.76309544
437,189029054.25897843
2224,173590928.6257302
1628,99483100.98211397
397,87100588.33183682
587,145260766.19354168
2182,323106914.46342397
971,149429688.00988767
2611,96067615.20853402
1887,65749782.523723796
2399,141710097.90687135
2148,97078734.43783481
304,88597750.36344649
1997,69525225.07828194
2817,89884402.53062639
1431,114796970.28414136
427,132840736.87015367
263,78245509.35075285
598,131373384.2161422
2895,137832351.73652038
687,92074041.41479918
1822,82574710.69687971
2191,101090789.95301755
179,79649594.71651107
1009,77783564.88903216
2010,78138559.56791267
1991,101420909.5502046
1411,107542549.85954046
1721,82619312.88045356
1144,100007640.07342166
593,100153286.29500432
575,137018886.05524823
1249,115008011.57031356
1604,77616215.00787082
1064,157621917.2927925
1923,108194683.66284361
1988,59129043.28537581
2325,92065080.30491365
114,151629769.87081152
2700,118954429.73017165
217,117328695.17450622
343,107871055.19082524
386,98516241.43210647
2005,99171633.05416869
2908,121897109.62174681
1814,137810214.65495664
2446,271382828.3024721
208,93617103.87555024
1679,60455836.35401409
822,121186426.79149213
6,105803907.57206282
1781,138335950.87192413
2397,117858483.44881842
2340,108742424.85223031
1618,115474210.51313156
2843,97980207.19196054
1061,139672902.13039234
2786,85224085.11787246
1935,87904287.05306421
1341,72383138.74394579
521,116968773.23858431
2136,87113635.65170798
996,103895831.1749353
227,104005261.26391314
135,94049208.57774134
1167,70946518.83345693
294,120782574.94004138
1776,99590562.43809432
540,106013219.79447605
1717,78138700.03075981
2303,94225863.27418296
116,102363500.29132959
127,89679103.19047233
1371,98028188.37681688
1014,186898718.57048434
1507,76761284.49776688
702,99662689.2006709
750,97880037.43731807
261,98774507.27906887
1559,78498830.09023383
577,133045568.25208534
2812,111485512.8159423
2080,107235396.49830872
1368,72376061.59994397
2376,81216000.95389484
659,78470156.08601446
1235,85679006.62209354
332,52845745.81573437
1917,86973057.97797327
2094,128953656.35753614
1460,116631124.9028896
1471,122353826.38488656
1509,100824304.40059765
1922,89865539.36043195
433,165795049.09449938
460,88161266.28591521
1116,107718090.81659473
1137,113395028.5215256
53,64853510.49899439
2354,120624715.42618218
1475,100669596.72528115
1761,209344428.49055198
842,85593877.17374983
2739,116624946.69704832
2509,60780667.20522971
1007,107204530.9591038
2610,107486459.0048995
1952,60249011.41638683
2719,110776828.8921042
2921,55385624.92011104
1966,90720889.4734844
292,100203395.86427444
1204,112873933.32275017
1829,148151269.84714448
2419,94750128.40932941
391,98033419.51633686
798,88692571.91206412
481,98184735.78325985
193,105501589.4815138
555,87678564.87167679
899,83504317.07779348
2357,105399592.09948358
328,60875350.11146441
1356,86124730.90507482
1154,68181701.11551346
1730,99466509.2637236
2249,81669192.59102088
1119,112246484.566073
2856,102613211.01497073
1394,115108214.09068395
2587,81137961.42589541
61,158577006.1969312
2661,98110782.14962624
2711,87776990.85584071
1147,103770378.0658478
757,77199084.9095911
2623,72558716.65214942
2378,65684854.85768214
1413,91909566.33447665
1722,85040362.76579827
1112,129231728.17926748
1623,103994179.61296709
1201,107228680.30780424
1513,74932844.10240382
957,987079155.87551
1171,87119236.96191578
1145,99788824.73413788
2726,160454998.4827158
703,66929538.36377133
760,68648296.96909872
1964,82577581.98599333
2512,74344558.56420378
159,81024111.62128234
1281,95879845.76033172
468,107675720.81593852
290,77903780.68779399
665,87720897.59440942
1463,124296108.34575157
1792,109283080.48658836
923,120896260.48199017
500,123900018.64983732
1408,147972323.17549646
331,42606421.93460534
170,84253887.782682
2192,77991480.5687717
2571,208412784.12799805
2314,114712773.05218798
2647,65392090.501601696
422,160342622.3933629
2457,177610756.76842168
1838,74668262.10060103
2805,134067574.61987205
1645,102571800.51758607
1711,129769377.624231
2825,123130963.85717899
322,131458193.05177277
2103,110109384.85684796
342,102049779.01965813
600,79641531.30188471
488,98729249.6191645
1725,104981835.4879719
2246,98357378.32782717
2847,96305696.96805416
806,114845039.05271323
530,110554791.68493636
963,112908258.12600242
2678,75869011.65388186
171,82807742.34954561
2401,186000156.86784738
805,114173373.92723663
2259,159023441.35786504
1748,99744537.99930923
1361,102044184.9647969
1677,59939090.58409752
1406,97863987.4457628
2322,166279212.59927967
688,95847253.37084502
143,95846848.96973895
804,105115183.47099297
1214,98333015.24326095
2828,65584718.939424686
1999,112604881.26850368
2467,93326299.64600597
2665,91654804.52220456
1538,161877618.93783873
398,77969776.57827857
2822,124723254.56398506
2157,66133151.18248583
1856,130918295.54908408
1269,72742084.62878005
2570,91480731.0336916
2320,109323389.02984011
1517,107150774.3945179
2304,91244190.73236121
1312,81439441.71639961
2012,77556589.98659843
506,195045896.09495705
2865,147716956.12943807
2367,54118938.05338754
554,78421453.17410351
238,96068911.40801936
1954,81225026.18812561
2488,93617177.36247084
2291,53895522.76948045
1969,68927171.74720237
2725,123592816.72778292
1482,66300942.71151148
2763,99826463.02766037
503,115021092.32973175
1584,113046672.65702674
1531,99585938.86768106
2210,101137611.67678893
459,108462472.79130338
556,80193804.05021265
1347,94013155.5053602
1290,57485818.55871656
1388,85064041.56274924
1571,761596141.9501963
2754,84601712.8711895
765,101741028.4528921
2494,106313640.47330783
2870,147161076.709694
7,81296184.43966982
1114,126223327.3207226
2418,127251344.60087423
291,102486620.84253523
18,129213788.21968158
39,126836104.80683468
1001,96100430.44725697
2442,112278024.51105238
616,80215395.68554607
2680,64192042.28597658
1414,90230792.74164374
289,83530234.2327902
40,118221588.2564152
860,79880882.15809715
409,72403269.79875737
673,96542988.07241778
2427,63967959.20418482
2036,110915525.773879
2564,100101050.29447955
642,111333802.75784592
1008,124005109.76724845
1908,116041231.85826169
2519,75554836.66328494
1369,82463270.01908967
2855,95992965.06226383
712,75446398.88692307
1943,115995483.67912406
1958,99744039.9606937
107,64297587.76752219
2295,213241454.78310528
704,96135231.52014188
676,104454466.41932708
259,101247443.00509551
93,130739879.57335354
106,100097987.85218489
2315,104283735.0131277
1050,85317626.16705811
1095,125651749.5597805
2709,102082795.73321445
758,89552646.7886682
1496,86027961.43167527
2370,58734789.943295784
2458,116474348.82069172
2733,98832058.72848149
161,136590690.49997345
726,98085372.46228427
845,101035027.4989011
947,116630084.95614918
2232,90898227.67424527
2563,99784134.46582597
2299,183828451.35778904
211,93482783.99719433
605,116693564.85792926
1478,100319946.55309993
2247,95092526.98479289
2274,220172456.94486755
2869,127129023.32021433
967,107411037.56566615
2656,76685566.22221403
667,124707619.52255426
1042,55428658.212634936
2023,120159678.25415045
2447,139012893.41979608
2055,79806553.43969762
2275,134016969.35824601
2204,86773375.69364886
1563,89880943.07432617
483,83587877.73458785
796,69178184.52349636
1526,125391513.85457805
2042,107204244.70557484
442,134799890.85128602
1693,139046064.06526926
1468,107279069.6253859
1430,111928812.44394805
2605,126323361.04665576
1529,90294457.30080073
335,165435253.01992995
1287,91182562.3646775
31,55683622.05397439
1785,115881791.57554476
82,93692995.50066884
2620,112002184.0675248
252,98317043.36044484
721,52878758.783629715
2165,91293791.03126773
2316,108581204.3987383
775,78468285.53747585
1558,118770776.76360519
17,115029153.67892691
1022,135102055.36323017
925,84048192.01300906
438,115731901.64873973
1270,95344150.48498583
1272,83954638.59588659
215,90222597.4688779
266,109051527.56846572
2402,118043238.02602643
1250,83089948.02173835
1984,76739371.26562299
1279,90968333.79011776
377,139583150.00003865
1252,94713488.37921846
2156,121665876.85835886
499,142371930.04913455
1374,140107477.66546625
2898,136157714.9160918
401,91296687.25092234
2721,121466459.77582084
2078,135833266.62103975
2589,101675202.28175308
1946,182583272.70451275
1334,71686808.94901443
2781,121469046.24095532
431,137160817.11446545
576,75116809.55724895
1474,102379614.31125477
2254,82538731.56929882
2155,120271571.61516076
885,81519337.11312883
643,85333373.6546232
1944,86004215.02078187
480,102007711.8209388
2845,97839749.28580846
2387,139877899.99937952
2407,86113770.86302164
2527,108342877.25017738
2514,65362023.37120681
629,115420391.76572007
80,105689080.45005478
1876,100391052.10033418
1546,71860575.40100387
2518,105124923.12098707
2347,99161298.78211586
783,173309910.73165038
1322,94422977.24092634
194,61726194.37873712
1770,135887966.43770233
2143,78392277.17371792
1229,125867624.23361085
511,118625625.86645822
46,88678725.66842198
1348,89005710.10298312
2465,92753455.12650518
387,102190917.64554572
873,103062298.35024188
1918,81083476.31370963
2764,113729450.77871333
2184,73257290.12956274
934,58927669.96070744
1920,87526057.72311972
2631,88274225.0786462
1768,229366411.92346397
2040,73354223.68003203
1749,116776667.0880561
834,141361276.70870286
1457,118261714.1355711
79,74142845.39608617
2302,79924338.5241733
1817,87222013.59798864
2755,113180858.8626017
359,97303251.74310711
2059,81101641.84174417
2092,134829102.70758972
2516,93277937.30339922
150,95156188.06347042
1656,108153753.54272582
83,87125973.14402096
2411,98977887.99902223
795,86105837.01557916
2312,129575867.35273252
2917,45172280.61211549
1624,93056947.9257604
2215,147382898.80099568
1211,94757488.65738651
1485,66178504.96213834
1024,114260218.96854594
570,78338048.99677256
2874,84056435.12978704
700,103641404.68710373
2756,99622231.61479114
2022,106931860.66147842
583,118345459.55763552
2392,134651422.94097623
2424,71094845.35561126
212,102213345.93632299
736,78068223.9540285
1610,114896134.8643655
890,97929313.07185411
467,109126435.90237485
578,117101500.07953757
1747,121920352.9831272
1149,87834235.58269061
2758,136012624.52564442
857,76665490.16341202
2219,129435672.01157744
733,81782746.73817398
2909,60498330.725914545
1798,108560109.11728656
235,136878904.57792124
2366,65415708.550861515
1027,94927784.99278724
1195,81370935.42175056
1303,61120123.1530445
148,108613927.38645063
608,105833236.73560056
2515,95193187.19999833
821,109419409.0822284
2500,147402570.6818232
745,71569556.44113171
741,84226659.80551492
1611,299923634.6019049
2532,89650783.09819634
1081,83895311.65195742
1692,156396606.97627342
2520,68801075.82803915
276,95554936.61730665
1992,94993239.41375569
663,56104963.965292014
418,54462473.6885562
1733,102369305.24689455
2359,97009053.155871
253,85279122.61622587
1518,108013892.75607443
2035,92249781.69344106
2919,51276604.794413075
1540,126026698.59129414
2120,112037664.69033961
1674,73939740.33653769
256,88432741.18006279
2361,82106153.46222392
978,45678085.58662942
2280,74022923.66931333
2095,118384577.67355898
1709,138757335.06576702
2801,119012181.88921535
1246,91671694.73178294
2373,50950144.073929235
1055,124925535.83771339
2017,79056301.9759645
1099,117178561.17207617
1344,62179918.41850752
835,194653767.69169092
1117,111324989.36965376
2043,59070360.59410158
2085,65710700.53732422
410,69345446.4342669
2650,65811725.69799595
2867,121766506.07616769
1668,88629670.23244019
1161,68220097.31451052
2122,102258929.61277248
2539,95452524.42508067
1047,69892222.90021284
1445,85404410.80677418
541,103754033.16929655
569,83873979.0685478
1276,73076935.29720879
918,79369387.68441938
326,107534307.93094282
1936,81012646.4932653
895,72119576.53678648
257,98252714.39659229
1241,123184951.24253185
1545,74862415.64292651
1189,105055595.92950451
270,66131214.54968222
2066,150809252.77879077
693,92501573.46200408
1259,104788509.67595594
2916,112376137.87286954
2321,137475568.51147482
1977,69892556.33862545
1895,103717353.85655452
1240,88035625.95040941
85,103834546.39076626
1823,82538370.70014851
825,127188645.55886224
110,99979492.40961085
697,115126135.13426386
2297,73064213.00393671
1231,87694719.8287879
1355,97193126.92770027
968,141301597.53569457
584,127005438.53758614
1315,79737710.84760717
1606,76332102.0572242
206,78541517.79454535
1685,130436793.83268705
2016,81353752.51029035
869,113768805.9503549
2135,97668586.28825547
2346,142463269.30860096
2430,84390313.83389802
2198,84538477.95223364
2652,74869654.28568518
27,84471433.92728618
241,97257401.32714903
906,82598633.59322415
1506,95423352.82124795
2098,140953419.1059688
1435,103833872.35184196
2213,102134594.24984527
1274,88830055.85195379
743,62603546.35752325
1737,94003850.1322642
2797,125211018.82126422
2185,72295871.56076251
58,87299454.06069121
830,89697850.48728344
808,82614068.90103553
680,98090427.85171741
1153,84312268.78617953
1291,79822040.11126673
1818,100204791.23773532
2161,90870389.03718379
1883,86303313.03061727
350,129620375.99760717
2473,104238529.39391091
295,141116926.55056342
293,117458252.20230944
859,111052647.25511885
288,77786665.72316378
1578,93333263.50933638
102,74333552.06919666
2831,72823908.26860781
1030,103082020.23573667
2551,102426969.11899596
1286,101166221.54710838
958,126466848.95073047
776,84348566.42869078
72,113395578.44334742
2263,110195681.88448887
1866,91389880.3549607
2876,66067342.33212847
2146,114541128.5624924
103,69176311.03651641
1500,65045386.497763425
492,164875536.74502385
167,87468501.82439572
2597,67335993.50002581
2685,73883257.63272914
1035,93549373.0740286
1220,62766975.449887514
2602,90253911.74191357
2159,100998433.9412538
695,113402970.62147824
1109,125944689.99195619
640,144530767.6396202
1652,92881239.76362549
2090,166162451.7936316
1188,116049613.52946149
2345,148442980.3880539
1059,156623721.0382079
2751,115584038.1456815
128,124403632.16778779
1523,101040400.12732995
2925,145241155.83828595
2145,128925867.53748341
1121,94490613.12451676
566,105483584.65756033
565,118173437.95345189
1331,92533403.6155778
2928,85857440.75064415
156,94501508.47503923
797,110754154.61365612
327,56310037.45616015
2859,148543776.1702445
1453,75038585.76320064
1762,145936053.670734
1868,111931781.88244554
1760,101711243.1880319
1113,114807173.51649985
1812,116132337.78349665
117,101721831.1133078
1142,106192413.49189608
2342,161471183.2646046
927,88914003.08088364
2478,100853922.43064529
655,64053337.58484893
2064,79954618.12801813
369,137330289.97829762
2239,81232247.38489932
2732,88601951.04012267
1653,106821607.1616812
959,117639950.84953345
2395,135235599.4506601
1412,86286311.3322719
271,112749318.75913832
1484,66242688.81523342
1497,86806368.72844197
552,96032033.85171993
2,97268042.02135864
1855,144280440.22394064
4,130520998.63510877
2292,99858962.54218535
134,89795713.21905401
646,91721999.30046892
42,117523679.72988531
532,104267512.1406454
713,72062963.13428989
2561,97859114.28792706
2360,116366890.73746903
1333,73604515.7024069
1407,267447937.90092894
2892,198206479.04951987
574,79040331.23667458
1227,106844442.16972688
2591,159583303.8930104
1476,101053445.63239664
1125,110592149.46676703
1446,85599784.65682238
408,59862978.6288962
1101,139930667.19530588
2251,104858579.39106907
373,113873927.3004471
2554,87773722.65589665
2382,133936312.32296431
1985,72175782.70246665
519,98404503.57665552
1093,107731253.39703377
864,125952960.2522433
2889,97545882.1870406
2308,126058704.06986476
986,113264116.07409601
1302,99106802.04586092
585,112366514.01399313
2708,87718639.33145027
147,102900120.26896758
1441,120629987.75453503
383,110661309.05601211
285,97857412.22778358
181,87205124.7032432
358,95611309.16363592
780,134781521.6106832
258,103169612.2053487
1865,117986456.7509154
692,69273566.62572084
2902,133254735.95326284
508,115607383.13887325
2638,104078452.94865926
36,67525969.71662962
611,112483873.59373295
2281,158979975.98223087
1678,58388027.44972147
1696,161161158.9628504
1557,65048617.806354955
2180,88091059.484805
1726,83130973.18437481
951,90414601.53694136
267,111366962.59519723
2706,106177799.27403688
2221,136254522.83444706
1357,97525909.47294329
2901,138804822.4254263
347,91205035.7736172
2164,94099242.48787871
1586,135430936.79389563
360,82858169.05492233
1769,116765109.82492925
2617,101714654.00308712
1879,111264346.49487755
991,132141728.07779892
1535,92654200.05746514
1191,104850981.52630433
1579,110904440.56947678
1882,881120.0443439094
1510,91929908.47110254
2196,118968282.52725507
1845,69286143.64425705
2336,156939175.03878918
942,74577035.18492277
861,75056302.01291144
2555,72239068.26075788
1392,119400831.3137052
2099,105677680.872376
1543,55443497.29345688
948,137995618.971495
1239,106589642.33473255
22,101532024.03488542
2796,107254582.80011494
2747,109988065.70955195
92,136350301.370649
210,132369874.93557826
1858,75804176.44717607
2228,67855048.4761513
447,102249943.19404735
827,109939138.04621752
1649,119411842.16042282
682,88696785.76666185
2698,78158311.79908542
494,86132322.1798323
214,89888244.34489861
2441,127725755.97218789
2679,70815760.56575628
1336,70416395.47303528
465,101520325.29401447
1524,91894418.09306954
2543,85347222.46145749
631,92789701.8582142
2452,128615390.21500319
228,105873150.7105627
126,129991371.16303974
1092,93475347.17938732
1122,94067059.15226887
932,147569825.1780109
1980,87435117.38040312
2171,95071731.76806255
551,99569055.19058742
2768,113345517.85468377
2056,74867778.02222395
1159,141603765.93415076
2645,99509426.54975289
1174,67352618.78047961
2266,126912363.05965067
2462,155924384.49089068
1219,100559346.95077199
2922,125875791.65523416
118,98295193.06667915
474,64610023.97037696
2576,109184580.67701118
872,132243797.28508827
1077,83648627.35573028
1536,85681623.10865517
1150,82384997.10361806
2341,127704318.63713253
1931,100305942.77666931
2785,90610813.90817122
2538,93681683.80663149
597,116617321.35238875
464,72750123.62815213
233,167598911.16567466
2169,89552839.01158205
2123,97636903.57986693
1867,110928117.26441666
137,168433763.24891004
515,107322384.53224452
933,52615861.8925051
2784,101628479.9444216
972,77337202.60718688
599,99722902.26208924
2614,76541828.1348279
2582,81402866.7063352
1409,153832283.97094238
175,82851818.50187844
352,93151874.64097558
976,46014260.1627171
2134,108894115.6535057
984,81784864.15214637
2396,133346934.37800713
1673,61466315.125284925
404,68650102.72747108
607,98106340.23871353
814,89992698.51596394
868,99251391.64818239
2271,94030598.42248614
1633,98445985.08691685
337,108263431.78859061
2765,222076933.18143636
1746,131493881.73867671
368,127758739.92204034
2806,101320789.95339152
1662,105810553.5231336
1234,134875079.65784225
1373,87072717.08463778
1672,85264078.9408449
1939,84850381.99037321
