id,saleprice
2658,134151.83683937584
2718,155553.6612419755
2414,218005.55204668132
1989,119709.43421867749
625,189986.56246573472
333,81958.58726509791
1327,101784.67039189418
858,152942.73857786137
95,179310.8315796864
1568,166232.43507972732
2482,145977.4956032986
1364,134887.21873644355
2584,147709.73474836373
818,276876.28871224285
2673,151485.06678827992
2089,122622.4082456624
1297,146845.46033523814
790,117729.53274327402
2616,184831.7706527475
720,171466.0549058979
222,155432.77305600359
557,125636.87794317545
1148,172272.28036366575
2766,193614.653897949
534,171374.20527432277
1452,113177.75101209563
630,131212.8507345279
2648,136160.0018417098
125,154247.7348879499
1904,64525.2624398965
1670,101575.7838811216
756,107184.28777686093
717,220649.3423677881
1032,155441.87690280925
852,217145.54679018375
1731,168599.11413042367
2639,105770.15564979424
2071,88636.89766524726
1267,137935.31248122093
1851,192578.32443065656
567,155825.3301269014
2439,210592.4931857201
1898,159357.51930577066
647,162086.1524975499
2256,196333.57658753818
979,98168.51041886417
1444,212908.68646033248
2485,138841.53679029908
157,144027.4167859158
88,121939.24610768387
2003,114810.08996887362
186,193217.56430290683
1425,220860.63794878044
2695,134592.9943449481
738,114405.76759180585
395,156725.6686487148
1353,167893.07970481255
1878,142258.3339601112
390,170775.832816404
1456,232254.26121937152
1103,297727.0385455298
1387,108791.73096303063
2070,146567.40701292866
1199,171421.98933326083
2479,181862.85214155616
501,314348.07154537714
2362,98748.3205160916
1718,210684.9123425491
2188,85535.61537333776
1483,158426.72559036326
2557,98481.15574681389
437,326926.1056200733
2224,203096.92349001547
1628,180119.92250772996
397,133065.8963558126
587,201008.96778234694
2182,477085.0992566959
971,146546.38747514802
2611,139405.51283975923
1887,96642.25938602438
2399,386448.9337747063
2148,192000.5161088864
304,145623.68648281408
1997,115566.10785166355
2817,110379.19952861668
1431,221887.5668398288
427,366340.5664075125
263,131675.9388166195
598,174151.56641525918
2895,226917.00008359939
687,131297.0301584885
1822,137356.89125559008
2191,93619.93612225098
179,110986.5445671344
1009,235387.1567670101
2010,146897.82656064234
1991,127468.76511116995
1411,198825.03064656947
1721,245903.82488028513
1144,195854.37244812542
593,213223.57172395178
575,315610.86256444914
1249,178797.85330045904
1604,133458.03779944585
1064,476279.96896848205
1923,141410.17403139075
1988,116881.65910833141
2325,173748.2197462093
114,191016.48710206058
2700,146148.20465076732
217,137374.35194750552
343,178559.34720228674
386,232448.00957904104
2005,129753.63088422474
2908,134265.54262741044
1814,193680.6412301862
2446,442922.5853468113
208,113724.4025432701
1679,103002.0813555829
822,334566.1293268238
6,190417.94934072677
1781,379060.36572834686
2397,312071.58405508776
2340,313260.34064451174
1618,183355.1412158157
2843,133877.9204253205
1061,360281.98231464374
2786,113839.03403567128
1935,142740.62619095336
1341,113264.48207592304
521,242970.67737126292
2136,142362.55413413912
996,215060.18317115097
227,155234.6671851624
135,177999.66330542768
1167,163834.96343653093
294,210596.18335802265
1776,200718.42022620334
540,169999.28788257277
1717,217892.77533314403
2303,121965.90161178021
116,184184.44892909305
127,155099.4792562768
1371,138982.21402879898
1014,156423.0879900854
1507,94801.36702742617
702,108582.68125908841
750,145271.67070353273
261,142562.44310129204
1559,50891.169290387246
577,208120.04929159058
2812,189424.47731271223
2080,156655.35591159653
1368,105170.79829583336
2376,120162.36750576006
659,111467.37510207936
1235,127608.24071464338
332,78919.80723084492
1917,140367.6596457283
2094,249338.48363340745
1460,252492.61392191699
1471,220279.43127812393
1509,120269.55842954892
1922,130124.6055444282
433,475564.2923193826
460,300709.29893081565
1116,240523.38755969814
1137,165203.5609876417
53,160196.02137038403
2354,266875.18412665563
1475,194279.18238378136
1761,451477.289083962
842,148523.70959936787
2739,171091.5555175936
2509,151884.42258312923
1007,204136.177421256
2610,179050.55122823446
1952,111369.3211704125
2719,150858.91022071012
2921,72831.3193705669
1966,139953.93457862048
292,126665.56224627317
1204,191952.86730972977
1829,257993.1642330876
2419,190802.43055070605
391,152322.13158367577
798,106000.57607219815
481,205322.67550012475
193,191345.47594831983
555,132939.33801849186
899,64601.122550857806
2357,193206.9494034035
328,132905.8318959734
1356,126681.98808499926
1154,93935.44748838592
1730,184314.86467083616
2249,182221.83532709174
1119,274312.62473166606
2856,146745.05741173332
1394,125218.66936594911
2587,118700.60457685299
61,342251.39057448256
2661,180807.09991497977
2711,125349.817290125
1147,173152.2263690872
757,124985.33830634007
2623,117759.0652014919
2378,141455.81813834544
1413,132295.804304962
1722,225596.79475441008
1112,217701.72064475022
1623,200988.71499772655
1201,210143.47750986027
1513,113170.62320008838
957,293026.97474527813
1171,252212.34233561234
1145,195601.1798961456
2726,214724.35424088416
703,152747.77043014194
760,80620.85214056235
1964,146405.73869010905
2512,182603.87187752503
159,132261.33158090827
1281,174193.54378981408
468,188258.72758497123
290,149027.77526000928
665,94090.60674520147
1463,237459.79213559616
1792,233194.17067996415
923,171650.2961774605
500,279459.01907842717
1408,174240.38851206805
331,81290.61847189425
170,117086.39319845046
2192,91272.97376792217
2571,272326.0456306844
2314,185005.36910610157
2647,64937.26046489921
422,434831.72408861655
2457,362394.5954208572
1838,207485.848073081
2805,245899.4003677224
1645,166375.39055039824
1711,319483.3280810248
2825,244832.44922584837
322,340045.0434844841
2103,233157.86227806346
342,106918.00024569893
600,128236.70396045758
488,176289.73124253916
1725,321530.58984138246
2246,260766.5840343294
2847,169069.39913185028
806,224858.3788927148
530,233152.1594908885
963,182971.88184619442
2678,112528.73522014452
171,67437.67247093935
2401,440923.5722986191
805,232695.61954782286
2259,237284.32220089398
1748,201427.89846352168
1361,123274.85807901903
1677,104318.20238480865
1406,155779.1267395715
2322,221117.5563061674
688,153423.26375382981
143,134242.6061472348
804,209845.27470925526
1214,181369.6270671925
2828,135070.1377554402
1999,169651.58103414075
2467,212998.1864906989
2665,163382.2637772882
1538,313916.48072466755
398,124506.21518773065
2822,151430.29345956343
2157,140232.03350212573
1856,190314.89550608827
1269,115463.81731675188
2570,107170.72776356738
2320,247120.37108598492
1517,134163.44122383292
2304,123968.80204344902
1312,103025.27409167364
2012,143298.52028239667
506,257549.92393756798
2865,185925.05915761547
2367,84444.51092304477
554,94065.73995714233
238,125962.74833442351
1954,99494.52119159656
2488,141047.2927053711
2291,77577.76616428862
1969,110541.43787922163
2725,199188.15621851338
1482,143892.4505392537
2763,191206.17303553037
503,273542.3818918311
1584,241653.7636569864
1531,154824.491933315
2210,160320.19526625102
459,342822.35091008275
556,129950.13876338598
1347,131163.3252279479
1290,78277.71278200074
1388,106353.83640206765
1571,311647.93362532044
2754,203586.086726619
765,124860.23078353115
2494,126456.46052658051
2870,219877.86412517208
7,230110.41126717624
1114,252985.0351870128
2418,253073.13744024528
291,126249.84234068832
18,368711.5975154038
39,387840.6382890695
1001,274580.48263953207
2442,221759.15353802705
616,136954.08123054614
2680,80340.74101124881
1414,120950.60223908184
289,168872.57452852157
40,257287.2788076943
860,129179.17876414565
409,113796.80010935442
673,147292.84027628222
2427,182041.90721815525
2036,213836.16325246217
2564,135431.09422382404
642,144989.89623719032
1008,187201.77209593984
1908,118257.24661181866
2519,202300.13851824618
1369,102887.99104438814
2855,170617.79615606167
712,88708.99500022325
1943,129633.71404384416
1958,112628.32944789856
107,166767.59039756437
2295,182512.90426479364
704,112080.62572917395
676,130137.3198703228
259,178755.93215672154
93,278438.7019927286
106,246167.3511488238
2315,176449.01283685592
1050,100971.21173845175
1095,205997.391180475
2709,150578.36873674594
758,82220.19690283148
1496,156011.87780692094
2370,107519.1137647427
2458,276192.8695642838
2733,134236.31894082783
161,262378.04319231195
726,152445.11554599114
845,206119.2874279382
947,239303.11152336517
2232,122304.31133434511
2563,145368.22157503077
2299,133197.5344044299
211,79635.47184968705
605,148896.23504753195
1478,203001.8678850961
2247,254866.2202708892
2274,234891.601372185
2869,194931.25293508125
967,208234.63134921473
2656,127393.20304557288
667,174961.4411026406
1042,103833.57893351011
2023,154322.98731022593
2447,384269.43389122165
2055,158671.3988309815
2275,302118.83395903395
2204,165645.71454110421
1563,265076.04593546054
483,228444.807862481
796,105363.27763810051
1526,136523.2914590606
2042,132148.32598086787
442,372270.0543397189
1693,347696.3824558684
1468,223539.71696434604
1430,221197.77761148795
2605,141610.40299038318
1529,188747.56125192007
335,135841.42583485032
1287,115280.44371429645
31,83645.24554184948
1785,350487.98229654285
82,171090.7268116434
2620,142777.76384966617
252,177516.07081020143
721,73945.39889903876
2165,188703.35672167034
2316,210462.4634937988
775,144683.6833728486
1558,105363.46502307852
17,192353.63124612678
1022,208027.34965001277
925,128948.7457913172
438,283586.99346027017
1270,129546.22886719891
1272,125234.7479125005
215,124868.60449576026
266,225396.65587031777
2402,307896.1866656919
1250,118719.97381875568
1984,120108.797577762
1279,156061.6297629868
377,232610.61035108654
1252,152572.5833609469
2156,240501.06987699447
499,320440.0603340666
1374,128162.55531240563
2898,236303.74502015277
401,115815.72033709267
2721,171805.9452896672
2078,220377.35923365218
2589,128916.55126665953
1946,229968.5981750614
1334,112355.12714103557
2781,211529.5442612724
431,403724.3502103658
576,181905.0186271731
1474,205038.9461071786
2254,144282.67926935112
2155,255362.9974585048
885,123205.87633010728
643,143172.51917917212
1944,131099.78295254955
480,196533.10644375742
2845,86734.76973651131
2387,319269.449348371
2407,210125.82561290343
2527,177078.22968319696
2514,152355.37795427916
629,153163.76931693652
80,200209.4956409015
1876,133430.74520900517
1546,123437.79863187818
2518,175100.6217978409
2347,159044.09680480874
783,238879.20715407253
1322,44390.2984077821
194,83763.14882828029
1770,299678.9591399261
2143,194436.37682778348
1229,239843.7676071155
511,258021.46713418295
46,226921.89495521912
1348,144512.95741624507
2465,207813.8096066984
387,239029.4327537996
873,220661.2730799348
1918,119193.20822576522
2764,224937.27305510853
2184,124036.26101646358
934,138628.41097649967
1920,125211.32272800874
2631,163142.8032012041
1768,510814.89772977465
2040,136029.07124569773
1749,209531.40034243514
834,255253.39915817045
1457,222186.1908138936
79,109613.79233759064
2302,131948.34282439435
1817,146142.5717927543
2755,226942.6079156955
359,182922.5312762425
2059,97085.65894643748
2092,227817.18198996206
2516,223522.3914774753
150,116189.176396211
1656,139786.5942891917
83,85431.83728956098
2411,194649.46694876766
795,89566.78607948439
2312,208704.17670965666
2917,122415.64795326389
1624,178375.31378936145
2215,282702.8408866229
1211,139458.91437754338
1485,170794.53531964007
1024,165577.6885410653
570,185862.97400882177
2874,141237.69661455712
700,125897.65183239395
2756,203331.1779652238
2022,171004.7765837497
583,231418.7086715843
2392,386973.5128792396
2424,171692.94605869963
212,109536.49139815848
736,129552.06431307267
1610,166307.48698694902
890,93896.75331847274
467,184122.1267941107
578,221392.1442771114
1747,217840.67410665748
1149,144906.35795194615
2758,231696.56682084923
857,148769.1583866378
2219,241450.87665641916
733,113261.09923493203
2909,90555.58095008593
1798,252435.46336490428
235,125351.29803816098
2366,108369.34454869354
1027,137880.96724713934
1195,146806.61684627947
1303,46884.150661208056
148,193208.90770364754
608,148924.75933910927
2515,204533.27701566822
821,287866.46995533514
2500,272964.79919846036
745,114850.26629030703
741,125515.91459314786
1611,139023.75787697133
2532,132972.7481350904
1081,228948.14303605814
1692,429398.52824217925
2520,181581.26519508965
276,114223.220390637
1992,115032.77249309613
663,49070.24529705738
418,109358.94487796206
1733,208449.18594300703
2359,150683.2772757242
253,182733.7827447707
1518,185738.30513769152
2035,134271.75468844123
2919,75217.97652526142
1540,247308.6613827281
2120,160016.18549495866
1674,149254.68056727748
256,152183.06413832566
2361,109885.27274111535
978,79954.47556035651
2280,145411.885526587
2095,221799.10531580556
1709,328853.17857337097
2801,230447.96947333717
1246,116705.78434228431
2373,86264.68785652817
1055,302763.81395925384
2017,141842.60832149137
1099,281794.74886459036
1344,103377.60756693134
835,233732.60962129335
1117,233803.38034908805
2043,95738.74446698053
2085,101214.58103149726
410,138391.79555110328
2650,109846.97937796981
2867,166489.14344175885
1668,114903.27684978207
1161,157538.2829963814
2122,187766.89427768247
2539,135624.81887330272
1047,127023.60489225184
1445,140737.44054046483
541,132927.15579711495
569,206123.81989449065
1276,134012.81476500983
918,137349.37914670806
326,172589.60300872504
1936,129959.76587514354
895,100185.86809395536
257,161405.2302015136
1241,169046.44901892933
1545,118055.93362359295
1189,172792.9477365048
270,137561.43104936264
2066,186819.04749230316
693,115581.89988378611
1259,150624.2777893341
2916,151906.93076347475
2321,305070.39296263875
1977,79785.86370950536
1895,134761.74792647932
1240,187405.34779141174
85,137732.53318817695
1823,126672.31877719035
825,262352.48577183223
110,230656.21481991585
697,126827.0204386639
2297,101271.31569528955
1231,143733.20313159554
1355,146102.46731635428
968,342251.48378257675
584,239946.47425623343
1315,130209.25029523773
1606,141067.88200309442
206,112633.54764419404
1685,394484.49474694283
2016,136689.05115571577
869,204277.61029354326
2135,121501.76258206734
2346,181380.30181376883
2430,210736.88413107485
2198,113219.14308784257
2652,119076.68039990767
27,123916.02976693265
241,159444.28302476133
906,107982.5927746507
1506,137042.94194738695
2098,330329.21293136897
1435,219546.52416069285
2213,181653.13129712731
1274,139364.9268195793
743,34701.75497824175
1737,203694.43682049395
2797,262009.7609488492
2185,74101.07294648576
58,189524.0759755451
830,194444.34742962336
808,114690.46890220803
680,162758.17022580505
1153,100062.25781357706
1291,137952.03640347277
1818,146619.93493326122
2161,184467.64490417147
1883,116162.22155183708
350,320103.4055920212
2473,150423.68342071585
295,174348.29269496436
293,171851.29880504473
859,136251.99042129147
288,60671.3330850402
1578,160600.62274917684
102,189409.71796581656
2831,122004.0509922767
1030,162802.56755954275
2551,141209.032752548
1286,156468.76408282013
958,336271.93964184873
776,131656.62117016164
72,255941.54271998184
2263,261906.17637557737
1866,166440.29311346798
2876,74951.06093785299
2146,231194.79574180584
103,179174.74858508573
1500,122875.52742207803
492,149189.25349794206
167,142437.72087174538
2597,108908.28974271008
2685,100361.22772637483
1035,155417.0260091261
1220,73778.01246740294
2602,154337.06859678257
2159,205196.69341889076
695,147402.33888433696
1109,270180.8624370229
640,179951.87149743375
1652,153211.74519498498
2090,179931.73378674727
1188,193653.15324510357
2345,228903.15835527598
1059,398605.44579720893
2751,221320.90227099345
128,202331.9185011412
1523,191066.53558225022
2925,175211.7697335657
2145,254901.60272676763
1121,229144.44337260703
566,243290.50325187726
565,254020.627528325
1331,141396.47952224888
2928,118657.00967279165
156,143799.1609999878
797,154731.75819810247
327,86389.34592002005
2859,116775.76929677442
1453,117610.45139648425
1762,321846.6610707375
1868,216661.38619777997
1760,180287.93340686167
1113,237935.19940902022
1812,205697.5762132272
117,160047.91356551327
1142,193264.73062131926
2342,438186.75610291434
927,126898.9228001413
2478,178471.93094727505
655,80178.95118137589
2064,121333.11124558604
369,272599.22654352244
2239,112970.60358255607
2732,226333.15653519082
1653,161396.95321114655
959,230991.535049428
2395,355264.30094054755
1412,92710.84698800278
271,244900.30779851513
1484,143467.84594585822
1497,150157.32687126813
552,138238.07399552883
2,112355.72066811731
1855,283356.5748427278
4,272926.6019064138
2292,155580.42352665766
134,133020.96009609188
646,113242.04823363294
42,351673.47482495126
532,214854.98419813806
713,90851.00360481978
2561,126475.06074159207
2360,139972.74597539403
1333,116343.31086410448
1407,240901.3882687303
2892,277571.4395220114
574,210032.3782809659
1227,193108.96157424082
2591,203125.78703488928
1476,208900.68884160844
1125,262969.77617473586
1446,137955.91836606112
408,109858.39230258593
1101,293037.63335874386
2251,196085.91526050185
373,189051.9396776446
2554,123488.55027978434
2382,270981.8214983932
1985,98455.472078918
519,227042.04321897117
1093,189932.98830180895
864,228783.57842177985
2889,151825.92319569705
2308,186241.10105319426
986,170007.38353832328
1302,137832.009921147
585,172029.45310924476
2708,137990.06697464117
147,118613.27030526794
1441,210146.5089573657
383,220141.23498724744
285,120529.56700081426
181,101971.8747852909
358,215547.3340918428
780,183965.95010852427
258,193098.17730566862
1865,206662.94896236877
692,107661.80922481877
2902,309158.7898126834
508,249261.53331209702
2638,139548.07773385342
36,141050.93643703058
611,167850.324830235
2281,172327.39056665378
1678,127442.25218053802
1696,445684.37316145544
1557,84264.84954466336
2180,158457.61538890243
1726,229787.0710030325
951,156215.77590246563
267,220453.29915326543
2706,141299.46094498603
2221,237074.15878855187
1357,177779.15835464725
2901,289971.76685935457
347,184003.99400289776
2164,196158.11012292275
1586,286364.45793636923
360,153658.33250957137
1769,264587.69037410495
2617,186009.1357677552
1879,128501.23557039267
991,214154.266408786
1535,135317.6379275177
1191,143682.55951610493
1579,222257.27051540738
1882,141568.81139471845
1510,127030.4585569444
2196,150190.88237408746
1845,179180.23184178452
2336,403492.40403975203
942,71818.95061024505
861,127476.29393595693
2555,111841.08631195793
1392,156528.78167307525
2099,238530.1147163337
1543,118215.60173741734
948,284243.41445552197
1239,179328.74741730877
22,191659.75198631824
2796,229530.94347771042
2747,174793.19334921532
92,283098.5668473352
210,148498.57580125722
1858,179981.65330829535
2228,162188.76249072078
447,236677.7672153483
827,219715.15312556172
1649,204809.25962927064
682,113394.54574141087
2698,125440.75751083568
494,178235.83035988527
214,106702.5230295633
2441,248149.90903741817
2679,101186.35033294768
1336,124529.42877144189
465,188151.87621573242
1524,147966.21042543423
2543,116652.88500010877
631,133038.83147474827
2452,327469.96599647054
228,172272.44433393804
126,153839.24312637918
1092,226732.14670741413
1122,227733.18773371616
932,187174.48892015708
1980,90305.64605939796
2171,118475.33380519127
551,160493.624688891
2768,149550.56355104744
2056,103857.68930484694
1159,350852.22556846996
2645,121189.88778748282
1174,187724.09856564822
2266,211463.646412107
2462,352918.47693440877
1219,148744.82897957502
2922,174328.5304220489
118,148599.3612944399
474,160655.26207830053
2576,142751.75353197707
872,273003.94674590504
1077,219721.8213844179
1536,130907.03847297406
1150,128773.32908612062
2341,319146.7236608361
1931,173777.58727209337
2785,132221.31871447223
2538,130749.32266483537
597,213222.25804607704
464,190139.09928151974
233,231792.57230715943
2169,135350.74164415637
2123,174160.0496812472
1867,171486.44619447572
137,232895.1239668061
515,241571.14006682925
933,106809.78107259251
2784,181578.95966818198
972,167614.30048740967
599,185048.40451917582
2614,137379.49809890884
2582,149053.0318092232
1409,161489.48428276897
175,104925.18712715943
352,250419.9224793376
976,90099.28464932398
2134,189022.02878432377
984,122325.88426100914
2396,383197.05898715276
1673,113664.10225003076
404,101829.94160150868
607,174469.9426811115
814,141897.08076446058
868,183855.40088337896
2271,201110.44006578487
1633,233974.83352842834
337,180845.93649142393
2765,184072.50632247984
1746,190839.14153118973
368,321896.41949272994
2806,200728.2399665481
1662,200973.10805878244
1234,212714.5950357828
1373,128473.00496305055
1672,104749.96468900866
1939,130740.93971323106
