id,saleprice
2658,-35519.576799382456
2718,-21655.40950868884
2414,4227.593373349402
1989,-75196.76308706356
625,-1595.935430734884
333,-86448.23821196286
1327,-73485.45012595365
858,-39612.0992424814
95,-19239.795831822325
1568,-4045.552464882843
2482,-38433.510263870936
1364,-63958.71312008146
2584,-37275.01605426334
818,83985.35804352025
2673,-15007.197399540804
2089,-69112.21532558417
1297,-32855.883808796294
790,-64020.79079255974
2616,30392.28009473812
720,-2837.1225071717054
222,-32253.60365084838
557,-64832.7845317889
1148,7596.577956947964
2766,-21414.062312948518
534,-21158.576852983795
1452,-67751.18973114993
630,-67843.77401178237
2648,-62815.16941733612
125,-39940.664488820825
1904,-144053.51006747736
1670,-79041.50590829784
756,-90927.81288475124
717,43760.908317318186
1032,-24242.166221227497
852,16439.33623158699
1731,-21124.003519153688
2639,-48285.16180348024
2071,-99583.16349437693
1267,-91542.33608966088
1851,-20113.63147136569
567,-48803.23837268539
2439,6707.637566199992
1898,-39335.99863698473
647,-3077.8055938743055
2256,29942.764683818445
979,-87099.27322273236
1444,24861.75175824482
2485,-68344.43725822354
157,-58142.706373959314
88,-61070.156129631214
2003,-67777.29002480535
186,6511.788268906996
1425,32514.34469288867
2695,-56596.438043477014
738,-83285.80359779904
395,-31262.174012297764
1353,-20509.564368566032
1878,-34996.16873253649
390,-24665.44453024678
1456,37228.205051658675
1103,102100.387235248
1387,-54404.25586593384
2070,-19119.961161093786
1199,-12141.615939133335
2479,-18878.688221250195
501,95767.42059761146
2362,-107444.20352296298
1718,3541.541180016473
2188,-119449.31590313138
1483,-40934.345266717486
2557,-109741.40598129947
437,104536.30988188693
2224,38299.79951362638
1628,-29502.5184153975
397,-49035.136522981804
587,14238.452906216029
2182,339619.1215035394
971,-43108.882504259236
2611,-41122.79634491773
1887,-105761.10876844777
2399,98185.39312131051
2148,1619.3155871657655
304,-63773.93257008912
1997,-53519.40440515336
2817,-56392.119943309575
1431,4972.925548271276
427,75338.90620910749
263,-63641.30468991026
598,-8006.4563331822865
2895,51351.44961835025
687,-50139.37674377486
1822,-57176.998009718955
2191,-67884.41015039245
179,-60361.91125351703
1009,-10782.748038974125
2010,-55593.250544741284
1991,-37571.896584748756
1411,19663.07354127243
1721,9491.124114274513
1144,-3357.055486276746
593,12778.44648974156
575,83149.42315239972
1249,-6339.368889440782
1604,-62154.93247176614
1064,166807.18701592414
1923,-24968.278884089552
1988,-85287.15821652627
2325,-15636.780759185553
114,20507.792395425495
2700,-8870.233219075482
217,-42923.805280890316
343,3535.911019496154
386,14032.297822911292
2005,-62114.16624064511
2908,-57296.791827132925
1814,31511.624384379946
2446,241628.56862405268
208,-48737.510008184705
1679,-65042.85055708047
822,77768.55399096757
6,6197.63601894211
1781,126770.93899036804
2397,55967.83584462758
2340,58669.28377064131
1618,-23052.832858489826
2843,-55048.190933168866
1061,110366.31590708299
2786,-64986.20249943109
1935,-52532.96928515658
1341,-66283.52512827003
521,33796.037302043755
2136,-48520.735068543814
996,11953.917759569362
227,-28430.724424309097
135,-10854.704978847876
1167,-20724.13449672563
294,40794.65052833129
1776,-9359.831801802851
540,-30762.05800927244
1717,-175.19227237440646
2303,-51021.34759251028
116,-1737.0875930478796
127,-50536.2215801198
1371,-52951.27338964911
1014,-22798.591621258296
1507,-98187.28598225303
702,-31067.72273217328
750,-29535.65862865327
261,-28724.111593180336
1559,-109559.99201967428
577,16983.81085765036
2812,2530.140533462167
2080,-19808.334906159434
1368,-87279.95410428056
2376,-67667.80703934189
659,-86529.91267825337
1235,-48056.330032384954
332,-119804.81215156103
1917,-48338.119523772504
2094,51327.143364603166
1460,65711.9143818249
1471,25645.76741889119
1509,-61779.783135544974
1922,-48767.19532227516
433,190955.13104136847
460,18648.085794046056
1116,30307.395714785438
1137,-21703.908759627026
53,-39215.42864085641
2354,57309.84505710984
1475,-6374.826644200832
1761,166048.7909019119
842,-45362.91460062144
2739,18136.845444987994
2509,-50283.37993397424
1007,-755.4038337119855
2610,5282.243925748859
1952,-116347.03134951927
2719,-10785.442466339096
2921,-90833.54292763537
1966,-48438.19261735678
292,-78519.18541738624
1204,12819.61997779319
1829,61564.61995922541
2419,-18119.86787491478
391,-33524.537669379264
798,-69825.4082635548
481,-2834.5824177819304
193,7665.318064006977
555,-66799.07461367873
899,-123659.63710644236
2357,2151.7846439341083
328,-49459.57041637832
1356,-67030.04309870023
1154,-85730.73195798881
1730,-19738.24372830987
2249,-31761.91368225543
1119,55204.278653217014
2856,-35628.316985921934
1394,-46943.96685734857
2587,-73750.92287485907
61,86967.46238518553
2661,-7920.712186619639
2711,-55125.34581174422
1147,-4011.8336331164464
757,-63951.20952512976
2623,-110595.9380691098
2378,-45067.75819404004
1413,-31943.847096930258
1722,-3659.740345102735
1112,19802.52944037784
1623,12118.492242310196
1201,8728.159207585268
1513,-65802.50968791032
957,249633.0219689929
1171,36564.81420769123
1145,-1258.917586402502
2726,65323.23824923579
703,-33291.92786125885
760,-88045.6872785734
1964,-56984.911013803445
2512,-19477.034018566366
159,-41789.26219559414
1281,-9700.716042831074
468,-16036.124259377364
290,-62624.30987580586
665,-91923.54897908028
1463,47020.49289453542
1792,18675.31203579204
923,-30875.550985143054
500,72149.92572999839
1408,-1978.18043807894
331,-116218.11527699558
170,-35271.100538795814
2192,-84834.46579822246
2571,1978.770184067078
2314,-11108.640983116347
2647,-91285.980060108
422,160165.6702141557
2457,118814.57484533032
1838,-18820.841702232137
2805,36741.27402231051
1645,-29918.692171428353
1711,65356.39035198651
2825,48383.45193341188
322,68704.60087123187
2103,39684.77372213686
342,-67977.69594481029
600,-59036.9450104828
488,-2873.059552003164
1725,47423.042017582804
2246,63854.13149709767
2847,-26273.458171136677
806,40172.86366932513
530,21184.498633634765
963,10344.755142986774
2678,-92992.76587103494
171,-104496.43873337703
2401,157506.29764070222
805,31560.84681484755
2259,61538.00490627112
1748,-21722.725145331584
1361,-38398.74160112487
1677,-61073.33577418281
1406,-21736.827921039425
2322,34070.89332244918
688,-23194.530160816386
143,-36972.223699561786
804,17701.818576613907
1214,-20697.098872107454
2828,-50262.730387034826
1999,8662.245771169662
2467,-14889.42521230178
2665,-28541.783094606362
1538,138473.93408119353
398,-67175.42126728268
2822,-33189.18076422578
2157,-46276.576584257185
1856,5787.916545052081
1269,-104982.27896657819
2570,-62325.464636760764
2320,22418.17943696957
1517,-43048.612534979824
2304,-80121.61207609251
1312,-93918.44709438318
2012,-53904.93658903567
506,38732.210840626154
2865,33111.62316953251
2367,-74109.72250633826
554,-110563.99782990571
238,-43584.78841629671
1954,-76958.12017428642
2488,-60757.159080325626
2291,-105006.4187898105
1969,-105656.09725669632
2725,-6113.50571122719
1482,-40931.46476133121
2763,7091.215457988903
503,50732.07197572058
1584,35140.84652435593
1531,-60427.3300283961
2210,-11166.11400710512
459,66081.7099273298
556,-52105.088529215194
1347,-34699.43192862347
1290,-119416.17878824193
1388,-103361.78986753989
1571,160512.76005117828
2754,-6215.242899967823
765,-45471.41020096885
2494,-57737.22144267801
2870,64720.91505770199
7,-3827.49005531054
1114,40846.205553530715
2418,59444.391800406855
291,-43743.94612188637
18,79971.43582799239
39,99456.20772770932
1001,27241.190208337735
2442,37015.023237905465
616,-77313.71309429128
2680,-135152.1749275378
1414,-55428.53987595951
289,-39400.987265228294
40,21774.587297630962
860,-55349.50492223399
409,-49947.11867991602
673,-27891.095253980253
2427,-39141.411623649765
2036,43397.92983357515
2564,-38856.61586842593
642,-22217.74355362309
1008,-477.38898108899593
1908,-25561.976476888638
2519,2568.2053814814426
1369,-85957.60125659546
2855,-26877.244422140066
712,-92048.10364452703
1943,-75813.59390688082
1958,-55971.9304466662
107,-51481.124445202295
2295,44764.68045393843
704,-87991.12241825787
676,-61541.49015922565
259,-1210.016852967441
93,71462.39595925529
106,27204.70407013409
2315,-3677.4542412166484
1050,-85538.35275495797
1095,8741.35555536719
2709,-27877.087194391992
758,-56430.432313219644
1496,-22447.9751784252
2370,-53467.28034884343
2458,60633.3170452402
2733,-39497.82806246169
161,64645.12076597754
726,-41543.604975969996
845,3802.3118300372735
947,51191.67414744012
2232,-66074.99464651057
2563,-25420.618643763475
2299,-15661.887689771596
211,-96643.58876829874
605,-25493.011485154275
1478,-12257.13552787248
2247,63246.34227285534
2274,53188.45948365377
2869,37631.67398380209
967,18232.727446500678
2656,-55624.59733460611
667,27106.278440401424
1042,-60586.11272517219
2023,-25088.123298279475
2447,139602.71158771124
2055,-66394.44056871813
2275,47086.94785004435
2204,-35033.98984189192
1563,52570.71200979967
483,7818.317155961413
796,-47851.72377608577
1526,-34531.63652354432
2042,-52733.92003062088
442,80779.61395108933
1693,75066.93102474697
1468,24613.124527162872
1430,8222.78266357584
2605,-22071.611036931165
1529,-7907.163917387836
335,-22845.44913649792
1287,-52733.518108332995
31,-77296.6753385826
1785,71553.25442371145
82,-12760.726007996593
2620,-41201.298006870784
252,-14197.364650836214
721,-146345.0629463899
2165,-18340.851932703517
2316,-1525.8539987420663
775,-59711.17714423966
1558,-79728.96821320336
17,10605.369907828514
1022,44850.12568139238
925,-68438.23455917137
438,39504.01128580095
1270,-47421.84323152993
1272,-69178.81947044516
215,-39156.95714245783
266,36796.16382885631
2402,49053.82816347247
1250,-49224.31639393885
1984,-48393.33164132759
1279,-41030.263967110775
377,71043.20638184203
1252,-75472.98300577048
2156,69904.3364476515
499,110316.88438274805
1374,-57063.896952034906
2898,66397.8598332121
401,-64104.407596965786
2721,-2787.5404301863164
2078,58592.80047086859
2589,-53886.833968498744
1946,59989.53532302147
1334,-64696.29034778243
2781,27170.52588850446
431,111285.907445902
576,-6070.733264571056
1474,20834.816299694125
2254,-41820.29328643298
2155,65111.663085038774
885,-91591.37180793146
643,-51860.998024782166
1944,-70276.68317921227
480,-5842.572702285368
2845,-81665.85155999102
2387,74979.70481397584
2407,-11240.07338075526
2527,-1936.0798406186514
2514,-57703.57350309612
629,-21680.057267644443
80,13498.037022248842
1876,-40566.25583988661
1546,-66995.76924588578
2518,-16498.988729916047
2347,-22602.65807511378
783,43680.646214145236
1322,-125466.5501109059
194,-100741.44980829535
1770,89299.34368736483
2143,-60638.99435983738
1229,30048.684071280994
511,64264.55756273866
46,5394.481189347338
1348,-24708.503671916667
2465,-15870.843924095854
387,19104.812556102406
873,28981.550450950395
1918,-60117.83177801315
2764,40157.0092666205
2184,-52443.90135878138
934,-40337.75676993327
1920,-54101.48167966539
2631,-33079.78319957759
1768,279256.0638738312
2040,-62719.54015495349
1749,11823.634513688274
834,39119.516227353364
1457,40239.508160183206
79,-67648.21510660788
2302,-58113.915830081794
1817,-48156.81317490153
2755,25564.934265897144
359,-14345.174801249057
2059,-75322.46645166026
2092,57365.10017438745
2516,6716.310982991476
150,-68556.18265130557
1656,-19244.992191988043
83,-95688.28649231512
2411,-21404.38173527457
795,-127955.96152844233
2312,34235.479182371404
2917,-103489.89329893189
1624,-16501.95417459123
2215,80912.36116427649
1211,-30267.59881558735
1485,-39980.72731910134
1024,-2639.334409036208
570,-2861.9497877187096
2874,-48321.23370599374
700,-44281.52123090811
2756,6861.879081045743
2022,5231.37352531217
583,51166.71088626236
2392,99575.03331666719
2424,-17124.060756801162
212,-73917.09722763812
736,-51605.571739315055
1610,-538.0573883559555
890,-53737.030093546025
467,-16654.625775627792
578,19991.119128641207
1747,-17967.269079417456
1149,-37247.498645821586
2758,60056.42162058642
857,-49731.877770365216
2219,66107.36455692211
733,-82053.91483700043
2909,-69626.48818785185
1798,37362.0233389847
235,-38405.91167402873
2366,-43166.10026773624
1027,-48738.36480553541
1195,-52507.23945405567
1303,-139993.3160297149
148,8678.06234443374
608,-10244.216082115192
2515,-9130.484939080197
821,41436.430255500134
2500,60649.920775728766
745,-84468.28712939052
741,-50583.004603653215
1611,-47270.3260434852
2532,-65885.78077138448
1081,26810.389158306178
1692,142160.14512796886
2520,-26718.520509300753
276,-100144.65142589342
1992,-52335.49591896357
663,-156773.1725926022
418,-69232.19788678503
1733,-4292.0914926189
2359,-25649.432303812355
253,-15595.722887261305
1518,-8302.73489829991
2035,-43422.964775271714
2919,-112730.01151298732
1540,49978.55240374431
2120,-41448.779975491576
1674,-27417.577500133775
256,-39073.84340149071
2361,-96017.57219029451
978,-112623.1885760962
2280,-37316.42214518739
2095,35598.003719921224
1709,98229.53702237364
2801,60897.70279561402
1246,-84670.04941408522
2373,-78912.24837956531
1055,52990.34382758569
2017,-61239.242737858556
1099,69511.3521854952
1344,-107712.56460158154
835,40741.498523318674
1117,-1877.0973120522685
2043,-108678.94193753414
2085,-46917.665927039925
410,-35436.01462800708
2650,-66834.62584633473
2867,-20407.984519842546
1668,-71900.90849779546
1161,-41338.18254069192
2122,-16327.973459169734
2539,-33740.387890533544
1047,-38618.430213423446
1445,-59332.04892147845
541,-69256.05777422199
569,11667.882456112653
1276,-81925.76910193497
918,-46699.23156460654
326,-17727.34043319337
1936,-58044.78114306554
895,-88806.51036806172
257,-42199.75652844878
1241,8580.355270445812
1545,-63608.48302790942
1189,-15463.270782656502
270,-47173.04871619446
2066,31148.928025336936
693,-75990.10623562429
1259,-42920.50757706817
2916,-26173.94635783322
2321,73839.62095117895
1977,-70979.38670858322
1895,-35505.24803395523
1240,-12379.368333301507
85,-31255.58622505283
1823,-53518.66583571816
825,82297.03482407844
110,17390.227354630362
697,-64364.23946079239
2297,-80615.84695668519
1231,-46112.728812089656
1355,-50247.00429628836
968,102244.06223128922
584,30647.196006791666
1315,-65368.8124557198
1606,-36761.428079261445
206,-70760.87911693845
1685,80454.80488144234
2016,-50210.34765153285
869,9164.53859689366
2135,-61829.89252972137
2346,2564.7474528448656
2430,20661.091669840738
2198,-104902.7484954116
2652,-63370.33656021301
27,-65597.62312433915
241,-26991.74843574548
906,-54151.87474028347
1506,-85141.92125667492
2098,133753.0459452048
1435,24316.81486845156
2213,-58225.392685624305
1274,-50301.17492960533
743,-151698.77254936844
1737,-18896.64484549407
2797,76817.90377675463
2185,-138908.23536348902
58,-29581.73671036912
830,2562.9563060835935
808,-82737.31540874578
680,-26788.520715162158
1153,-77896.93457325781
1291,-57082.947488908656
1818,-38899.69075166248
2161,-15828.20524005033
1883,-69525.48699364904
350,115652.2183012627
2473,-59434.026093627326
295,5118.770411612932
293,14074.27733307099
859,-59124.32830734691
288,-122556.6651908597
1578,-42570.59283734998
102,932.2719846591353
2831,-19075.181107903365
1030,-17659.216831997037
2551,-35312.22035780642
1286,-35745.52381764632
958,65985.83361165784
776,-55091.958901950624
72,35981.850152494386
2263,25529.181637319736
1866,-40173.66627125954
2876,-116169.89919229364
2146,46937.52696840651
103,-27795.101390586235
1500,-52302.60856339848
492,-1234.6912274942733
167,-45043.950598645024
2597,-76141.21878441423
2685,-79482.98082378134
1035,-19916.76187921269
1220,-135085.94689306198
2602,-27818.556879813783
2159,10942.375066751614
695,-27954.10532877082
1109,63979.566363583785
640,11566.808784173802
1652,-33344.18150188308
2090,-56659.87961962307
1188,8048.88043485349
2345,53897.59082938824
1059,137198.77893353952
2751,27438.83639786672
128,42343.99250779534
1523,4870.933660500683
2925,4158.035648003686
2145,90433.35816999944
1121,-6839.659852101002
566,76868.23008166952
565,39660.38646504143
1331,-42554.79338490777
2928,-79487.53834999539
156,-43194.376365435775
797,-28029.75886728568
327,-88680.0213858285
2859,-38767.97806489654
1453,-63437.10709222732
1762,119319.62689157017
1868,21124.571366039105
1760,-6809.388392339461
1113,24386.317680855747
1812,576.6190077308565
117,-28871.87654988561
1142,28049.431930810213
2342,119312.21879689209
927,-44540.16851385031
2478,-1913.6952956761234
655,-113291.46405162057
2064,-59973.9120712257
369,36821.190694537014
2239,-77149.90085690608
2732,15895.621026538312
1653,-17685.787690474186
959,5157.221907151397
2395,87081.85752269533
1412,-80438.86790438136
271,48259.16450423328
1484,-39516.24895650847
1497,-24271.934323708992
552,-30731.827047062106
2,-55895.93644745601
1855,107447.08947443636
4,59848.30485307379
2292,-35610.69023035467
134,-37395.39101933921
646,-75233.49804229569
42,52377.422440966126
532,19664.48681645468
713,-119466.09804752655
2561,-47317.07320763776
2360,-51264.04307574825
1333,-60341.92130839499
1407,55484.60667293472
2892,99914.19639209658
574,15760.31391154183
1227,-4657.200319550931
2591,16939.608037743717
1476,22920.686388588045
1125,48948.332046499476
1446,-38693.130971525796
408,-54338.906814134214
1101,72200.86019818112
2251,4623.466463539749
373,5551.52577653667
2554,-66801.02857424505
2382,37831.80279615242
1985,-96717.34635776654
519,9986.37318714289
1093,9396.355838962365
864,44105.7651182618
2889,-36073.3629434146
2308,23392.04002467962
986,-14502.051130973268
1302,-26135.357610810548
585,-24820.018983559683
2708,-33075.61944386037
147,-47888.98632934224
1441,28697.37751726806
383,4121.366905457806
285,-26702.212119196076
181,-71038.13163121417
358,-4803.963596505579
780,-17196.180152868852
258,5028.2082047061995
1865,55193.87081365008
692,-56789.31474559242
2902,105215.09278922621
508,33643.99837911548
2638,-22843.838475353085
36,-40632.46720666811
611,-17403.285306300037
2281,-43047.55418614857
1678,-75338.06592034968
1696,159421.83853849024
1557,-102496.91390396655
2180,-20992.592700692825
1726,-7261.602174434811
951,-39539.59813780105
267,28100.150352277793
2706,-36647.02596187452
2221,56725.964759580325
1357,-18587.047693858854
2901,89656.51091390103
347,-17379.19233908411
2164,-5727.02189360233
1586,90975.97173873195
360,-39396.75246646069
1769,40847.32064773701
2617,-39095.45715745771
1879,-50045.32441634545
991,33402.23127640551
1535,-72606.23211093433
1191,-40747.46414300194
1579,813.5455317893066
1882,-36336.954394945875
1510,-46533.48487227084
2196,-4755.77039959142
1845,-14090.03914485639
2336,113683.37351963948
942,-95481.71600973187
861,-58850.85931017483
2555,-67225.76286094915
1392,-16920.58706975635
2099,39087.67205504095
1543,-57878.984697898384
948,86319.17691174289
1239,7519.756674460601
22,-8223.559718109667
2796,43702.82217629533
2747,1624.6670967261307
92,82969.79342284612
210,2742.2852278016508
1858,1672.7342660338618
2228,-30915.97931450233
447,4091.9830718003213
827,50409.28540581511
1649,31749.686526631936
682,-53683.75394538324
2698,-72064.69264052622
494,-28461.732433858328
214,-103152.16389842983
2441,40839.47018994717
2679,-68163.94548748573
1336,-71841.83741335897
465,-15875.973570023663
1524,-40031.42666162457
2543,-71935.85023033386
631,-38088.591667222325
2452,84305.9625540697
228,-17569.2528300141
126,-16821.66645497689
1092,15759.742229692172
1122,-15693.241252356209
932,37419.78721218789
1980,-97883.15709149558
2171,-66745.00071527343
551,-23033.24007141171
2768,-4645.604363896884
2056,-76473.527846009
1159,117294.56601789361
2645,-61116.48066642275
1174,-24268.98778226273
2266,27157.6344230487
2462,142271.5225715912
1219,-46400.27731266478
2922,3906.919802801218
118,-35885.54457776947
474,-37236.5944321407
2576,-28751.90688140085
872,67889.44023675378
1077,-4690.841376963537
1536,-38016.5865887329
1150,-62990.53812571848
2341,82558.25373270456
1931,-44242.073085776996
2785,-55398.0894786329
2538,-57820.42365554487
597,38360.36976621905
464,-10329.335695224814
233,43044.3603780414
2169,-45681.87760713231
2123,-16682.289804656524
1867,-3314.32802799996
137,67286.51993397623
515,31189.212577288505
933,-64045.30840185657
2784,-10412.142878216691
972,-14211.283510661218
599,-13994.730009912513
2614,-65275.465589879546
2582,-46516.3433932527
1409,-7905.344199465588
175,-80769.4866962959
352,-816.2973957723007
976,-88211.92483989801
2134,2047.879902008921
984,-85475.97127094539
2396,92635.66612033918
1673,-54678.707463810686
404,-40430.95356797008
607,-8685.634181821253
814,-20967.38657737244
868,-4800.181285535451
2271,-5597.6302051907405
1633,28931.928547895048
337,1274.6514524039812
2765,25061.51009090338
1746,42766.534272754565
368,72036.13066662662
2806,12866.887130272109
1662,18205.911469570827
1234,35503.60283484729
1373,-52807.844787329435
1672,-71539.9815619234
1939,-61745.97924501076
